-2.76751	2.29127	44	48	-38.0
-2.70128	2.20351	45	49	-35.0
-2.66331	2.09999	46	52	-35.0
-2.65535	1.9994	46	54	-35.0
-2.68401	1.88581	46	56	-35.0
-2.73804	1.78489	45	58	-35.0
-2.79014	1.69219	44	60	-40.0
-2.8378	1.59695	43	62	-40.0
-2.90457	1.51183	41	63	-40.0
-2.98216	1.42294	40	65	-41.0
-3.05361	1.33402	38	67	-41.0
-3.122	1.24916	37	69	-41.0
-3.18146	1.14868	36	71	-41.0
-3.22264	1.0448	35	73	-41.0
-3.26504	0.937366	34	75	-41.0
-3.30468	0.83072	33	77	-37.0
-3.33875	0.726366	33	79	-37.0
-3.37805	0.61921	32	81	-37.0
-3.42357	0.489493	31	84	-37.0
-3.4685	0.391221	30	86	-37.0
-3.56208	0.340861	28	87	-39.0
-3.66381	0.334017	26	87	-39.0
-3.78589	0.32252	24	87	-39.0
-3.89973	0.31454	22	87	-39.0
-4.00454	0.319662	19	87	-39.0
-4.11408	0.327718	17	87	-39.0
-4.22	0.33622	15	87	-39.0
-4.32486	0.349863	13	87	-39.0
-4.43419	0.359156	11	86	-39.0
-4.54797	0.369703	9	86	-39.0
-4.65998	0.385927	6	86	-44.0
-4.76088	0.408736	4	85	-44.0
-4.82272	0.488308	3	84	-44.0
-4.78544	0.620272	4	81	-40.0
-4.75603	0.739877	4	79	-40.0
-4.71664	0.843539	5	77	-40.0
-4.69765	0.94562	6	75	-40.0
-4.68768	1.06134	6	72	-40.0
-4.67377	1.19896	6	70	-40.0
-4.66389	1.31582	6	67	-40.0
-4.6589	1.42936	6	65	-40.0
-4.64965	1.5365	7	63	-40.0
-4.64098	1.67315	7	60	-40.0
-4.6321	1.78922	7	58	-40.0
-4.63278	1.89709	7	56	-40.0
-4.62666	1.99926	7	54	-40.0
-4.62141	2.13694	7	51	-40.0
-4.62114	2.24739	7	49	-40.0
-4.61689	2.34985	7	47	-40.0
-4.61697	2.4696	7	44	-42.0
-4.61371	2.58607	7	42	-40.0
-4.61382	2.70055	7	39	-40.0
-4.61235	2.80339	7	37	-40.0
-4.61102	2.91962	7	35	-40.0
-4.62501	3.05679	7	32	-40.0
-4.62571	3.16347	7	30	-40.0
-4.6308	3.27612	7	28	-40.0
-4.63291	3.38931	7	26	-40.0
-4.63691	3.53206	7	23	-40.0
-4.63124	3.64749	7	21	-42.0
-4.62416	3.77051	7	18	-42.0
-4.61676	3.89883	7	16	-42.0
-4.5959	4.01	8	13	-42.0
-4.55179	4.15364	8	10	-42.0
-4.49398	4.24946	10	9	-44.0
-4.40494	4.30108	11	7	-42.0
-4.28727	4.31975	14	7	-42.0
-4.16592	4.33676	16	7	-44.0
-4.06818	4.30581	18	7	-45.0
-3.97772	4.22647	20	9	-45.0
-3.90406	4.11737	21	11	-45.0
-3.86056	4.01683	22	13	-45.0
-3.90859	4.11377	21	11	-45.0
-3.95868	4.00944	20	13	-43.0
-4.01466	3.89396	19	16	-43.0
-4.06523	3.77075	18	18	-43.0
-4.08546	3.65283	18	20	-43.0
-4.09557	3.53861	18	23	-43.0
-4.10343	3.42491	17	25	-44.0
-4.10728	3.30885	17	27	-44.0
-4.10236	3.1846	17	30	-44.0
-4.10531	3.07268	17	32	-44.0
-4.11372	2.96877	17	34	-44.0
-4.11597	2.85506	17	36	-44.0
-4.11788	2.71671	17	39	-44.0
-4.12582	2.60104	17	41	-44.0
-4.14561	2.49827	17	44	-44.0
-4.16751	2.38054	16	46	-44.0
-4.1878	2.27644	16	48	-38.0
-4.20109	2.16595	15	50	-38.0
-4.21857	2.06107	15	52	-38.0
-4.22708	1.94789	15	55	-38.0
-4.22156	1.84371	15	57	-38.0
-4.22678	1.74	15	59	-40.0
-4.22113	1.62853	15	61	-40.0
-4.22521	1.52036	15	63	-40.0
-4.22902	1.41176	15	65	-40.0
-4.22876	1.3058	15	67	-37.0
-4.23162	1.19066	15	70	-37.0
-4.22928	1.07716	15	72	-39.0
-4.23112	0.966783	15	74	-39.0
-4.23069	0.837541	15	77	-40.0
-4.22069	0.729544	15	79	-40.0
-4.18168	0.624371	16	81	-40.0
-4.10996	0.54153	17	83	-40.0
-4.0093	0.47388	19	84	-40.0
-3.89777	0.462568	22	84	-40.0
-3.78467	0.496128	24	84	-40.0
-3.69137	0.575853	26	82	-40.0
-3.64638	0.674135	27	80	-40.0
-3.6474	0.776506	27	78	-37.0
-3.66941	0.886675	26	76	-39.0
-3.65379	0.993491	26	74	-39.0
-3.66582	0.891019	26	76	-39.0
-3.68215	0.788264	26	78	-39.0
-3.69896	0.683201	26	80	-39.0
-3.71644	0.580802	25	82	-39.0
-3.71584	0.691664	25	80	-40.0
-3.7123	0.800465	25	77	-40.0
-3.70261	0.917937	25	75	-40.0
-3.68914	1.03721	26	73	-40.0
-3.67427	1.15341	26	70	-40.0
-3.6654	1.26092	26	68	-40.0
-3.6513	1.39438	26	66	-40.0
-3.64038	1.53051	27	63	-40.0
-3.64019	1.64193	27	61	-41.0
-3.6322	1.76659	27	58	-41.0
-3.62654	1.87547	27	56	-41.0
-3.62322	1.9785	27	54	-41.0
-3.61831	2.11015	27	51	-41.0
-3.61136	2.21775	27	49	-41.0
-3.60645	2.34969	27	47	-41.0
-3.60898	2.46221	27	44	-41.0
-3.60621	2.57629	27	42	-41.0
-3.6046	2.69748	27	40	-41.0
-3.58868	2.80843	28	37	-40.0
-3.57279	2.91476	28	35	-40.0
-3.57052	3.03707	28	33	-40.0
-3.55577	3.14835	28	31	-40.0
-3.54558	3.27065	29	28	-40.0
-3.52963	3.40681	29	25	-40.0
-3.51947	3.53033	29	23	-40.0
-3.50976	3.63827	29	21	-40.0
-3.50017	3.74126	29	19	-40.0
-3.48618	3.84627	30	17	-40.0
-3.47741	3.9593	30	14	-39.0
-3.50391	4.07492	29	12	-39.0
-3.48366	4.19601	30	10	-42.0
-3.42152	4.27288	31	8	-41.0
-3.32382	4.31489	33	7	-43.0
-3.21902	4.30871	35	7	-43.0
-3.10959	4.29525	37	8	-43.0
-2.99649	4.27883	40	8	-36.0
-3.01	4.16115	39	10	-42.0
-3.02972	4.04946	39	13	-42.0
-3.02402	3.94067	39	15	-42.0
-3.02191	3.83376	39	17	-42.0
-3.00666	3.70776	39	19	-42.0
-3.02945	3.59241	39	22	-42.0
-3.05277	3.47883	38	24	-42.0
-3.06321	3.36092	38	26	-42.0
-3.0376	3.25234	39	28	-42.0
-3.04238	3.14296	39	31	-42.0
-3.04866	3.01313	39	33	-42.0
-3.05321	2.89998	38	36	-42.0
-3.06715	2.79123	38	38	-42.0
-3.08815	2.67108	38	40	-40.0
-3.11334	2.54035	37	43	-40.0
-3.13034	2.43206	37	45	-40.0
-3.14416	2.32814	37	47	-40.0
-3.14914	2.22353	37	49	-40.0
-3.16145	2.10701	36	51	-40.0
-3.17314	1.99978	36	54	-40.0
-3.18147	1.89183	36	56	-40.0
-3.19581	1.75202	36	58	-40.0
-3.20276	1.62503	35	61	-40.0
-3.21374	1.50826	35	63	-41.0
-3.21613	1.39769	35	66	-41.0
-3.22632	1.28131	35	68	-41.0
-3.23607	1.16915	35	70	-41.0
-3.23903	1.0517	35	72	-41.0
-3.24886	0.930348	35	75	-41.0
-3.27331	0.782563	34	78	-41.0
-3.28341	0.674866	34	80	-41.0
-3.29112	0.547865	34	83	-41.0
-3.3012	0.440818	33	85	-41.0
-3.31132	0.333399	33	87	-41.0
-3.31637	0.223432	33	89	-37.0
-3.3269	0.106356	33	91	-37.0
-3.32432	-0.0100183	33	94	-37.0
-3.33348	-0.116107	33	96	-37.0
-3.34213	-0.216271	33	98	-37.0
-3.34875	-0.335272	33	100	-37.0
-3.35778	-0.459735	32	103	-37.0
-3.35821	-0.574213	32	105	-37.0
-3.43758	-0.657451	31	107	-19.0
-3.53333	-0.713564	29	108	-27.0
-3.64547	-0.705142	27	108	-23.0
-3.7674	-0.674607	24	107	-23.0
-3.882	-0.673982	22	107	-13.0
-3.97338	-0.724866	20	108	-13.0
-4.06056	-0.785932	18	109	-13.0
-4.14339	-0.851507	17	111	-13.0
-4.26905	-0.888106	14	111	-21.0
-4.38059	-0.897132	12	111	-13.0
-4.49107	-0.886932	10	111	-13.0
-4.60715	-0.891851	7	111	-13.0
-4.71798	-0.857413	5	111	-11.0
-4.73731	-0.753906	5	109	-10.0
-4.63946	-0.777388	7	109	-20.0
-4.53348	-0.822074	9	110	-20.0
-4.43944	-0.861812	11	111	-20.0
-4.33782	-0.893988	13	111	-19.0
-4.22684	-0.9126	15	112	-19.0
-4.12469	-0.921935	17	112	-19.0
-4.02022	-0.923912	19	112	-19.0
-3.89669	-0.933161	22	112	-23.0
-3.78571	-0.929924	24	112	-23.0
-3.6764	-0.904248	26	112	-23.0
-3.56677	-0.878032	28	111	-23.0
-3.45764	-0.872416	30	111	-23.0
-3.3468	-0.847652	33	110	-27.0
-3.24793	-0.818348	35	110	-26.0
-3.12235	-0.78906	37	109	-26.0
-3.00942	-0.762341	39	109	-25.0
-2.88739	-0.747269	42	108	-28.0
-2.76834	-0.73554	44	108	-28.0
-2.71374	-0.673081	45	107	-28.0
-2.70201	-0.549538	45	104	-29.0
-2.70136	-0.441802	45	102	-29.0
-2.70883	-0.326506	45	100	-37.0
-2.72132	-0.202025	45	98	-37.0
-2.71761	-0.0744207	45	95	-37.0
-2.71017	0.0354043	45	93	-37.0
-2.69879	0.165248	46	90	-37.0
-2.68955	0.281291	46	88	-37.0
-2.68172	0.415563	46	85	-37.0
-2.67946	0.535696	46	83	-37.0
-2.67359	0.652733	46	80	-37.0
-2.65948	0.785614	46	78	-37.0
-2.65403	0.91486	46	75	-40.0
-2.65424	1.04038	46	73	-40.0
-2.65183	1.17873	46	70	-40.0
-2.63947	1.32005	47	67	-42.0
-2.62517	1.43807	47	65	-42.0
-2.60988	1.56798	47	62	-42.0
-2.5994	1.69049	48	60	-39.0
-2.59221	1.82631	48	57	-39.0
-2.60168	1.93848	47	55	-39.0
-2.60834	2.07962	47	52	-39.0
-2.61801	2.21206	47	49	-39.0
-2.62186	2.33688	47	47	-39.0
-2.62207	2.44881	47	45	-40.0
-2.61895	2.55859	47	42	-40.0
-2.62122	2.69552	47	40	-40.0
-2.62601	2.82073	47	37	-40.0
-2.62455	2.94386	47	35	-44.0
-2.63311	3.0882	47	32	-44.0
-2.63331	3.21736	47	29	-37.0
-2.63701	3.33148	47	27	-37.0
-2.63882	3.46144	47	24	-37.0
-2.62482	3.59036	47	22	-37.0
-2.60225	3.70559	47	19	-41.0
-2.57743	3.83089	48	17	-41.0
-2.56281	3.93939	48	15	-41.0
-2.54099	4.05388	49	12	-41.0
-2.53663	4.05332	49	12	-41.0
-2.54595	3.93879	49	15	-41.0
-2.55362	3.83289	48	17	-42.0
-2.52752	3.73579	49	19	-42.0
-2.52756	3.629	49	21	-42.0
-2.53605	3.52433	49	23	-42.0
-2.53565	3.41367	49	25	-42.0
-2.53582	3.29956	49	28	-42.0
-2.53399	3.17542	49	30	-42.0
-2.53556	3.06844	49	32	-42.0
-2.53864	2.964	49	34	-40.0
-2.54307	2.85476	49	36	-40.0
-2.53865	2.96056	49	34	-40.0
-2.53429	3.0737	49	32	-40.0
-2.53044	3.18632	49	30	-40.0
-2.52729	3.2958	49	28	-40.0
-2.52345	3.409	49	25	-40.0
-2.52189	3.51364	49	23	-40.0
-2.52066	3.61551	49	21	-42.0
-2.51973	3.73994	49	19	-42.0
-2.51989	3.84556	49	17	-42.0
-2.52662	3.95153	49	14	-42.0
-2.51157	4.06793	49	12	-42.0
-2.47087	4.1664	50	10	-42.0
-2.38192	4.23835	52	9	-42.0
-2.27808	4.25676	54	8	-42.0
-2.16739	4.25227	56	8	-42.0
-2.04137	4.24301	59	9	-42.0
-1.9356	4.1851	61	10	-42.0
-1.8561	4.07946	62	12	-42.0
-1.89216	3.97574	62	14	-42.0
-1.94099	3.87519	61	16	-39.0
-1.98233	3.76192	60	18	-42.0
-1.99837	3.65966	60	20	-42.0
-2.0121	3.54834	59	23	-42.0
-2.01621	3.43994	59	25	-42.0
-2.02375	3.33426	59	27	-42.0
-2.02466	3.21356	59	29	-42.0
-2.0364	3.10006	59	31	-42.0
-2.06427	2.98656	58	34	-42.0
-2.08191	2.87371	58	36	-42.0
-2.09172	2.76702	58	38	-38.0
-2.10089	2.62518	57	41	-38.0
-2.10761	2.52102	57	43	-40.0
-2.11437	2.39309	57	46	-40.0
-2.12016	2.27009	57	48	-40.0
-2.12882	2.14982	57	51	-40.0
-2.13329	2.02186	57	53	-40.0
-2.13814	1.90804	57	55	-40.0
-2.14003	1.79656	57	58	-40.0
-2.14555	1.69326	57	60	-40.0
-2.16753	1.57837	56	62	-40.0
-2.18892	1.47278	56	64	-40.0
-2.21016	1.36097	55	66	-40.0
-2.23337	1.24588	55	69	-40.0
-2.25465	1.14276	54	71	-40.0
-2.26132	1.02948	54	73	-40.0
-2.25963	0.914988	54	75	-40.0
-2.25531	0.791314	54	78	-40.0
-2.25364	0.682265	54	80	-40.0
-2.26519	0.563087	54	82	-40.0
-2.28068	0.450227	54	84	-40.0
-2.29579	0.336746	54	87	-40.0
-2.26796	0.234595	54	89	-40.0
-2.27904	0.115235	54	91	-34.0
-2.32526	0.0203781	53	93	-34.0
-2.34184	-0.0980576	53	95	-34.0
-2.35367	-0.203184	52	98	-34.0
-2.36009	-0.307801	52	100	-34.0
-2.37129	-0.413116	52	102	-34.0
-2.38221	-0.532643	52	104	-28.0
-2.37642	-0.642022	52	106	-28.0
-2.33616	-0.762525	53	109	-26.0
-2.2412	-0.816521	55	110	-28.0
-2.12864	-0.837236	57	110	-28.0
-2.01721	-0.849987	59	110	-28.0
-1.91163	-0.824492	61	110	-28.0
-1.80056	-0.744355	63	108	-28.0
-1.74142	-0.660829	65	107	-30.0
-1.73234	-0.541939	65	104	-30.0
-1.74704	-0.428865	65	102	-30.0
-1.76566	-0.311584	64	100	-30.0
-1.77861	-0.186867	64	97	-30.0
-1.76579	-0.0767042	64	95	-30.0
-1.74348	0.0405871	65	93	-30.0
-1.73765	0.152553	65	90	-36.0
-1.73793	0.2744	65	88	-36.0
-1.73968	0.404787	65	85	-37.0
-1.72966	0.521995	65	83	-37.0
-1.71743	0.636226	65	81	-37.0
-1.70579	0.7492	65	79	-37.0
-1.6997	0.855007	66	76	-45.0
-1.68983	0.963756	66	74	-45.0
-1.68251	1.08311	66	72	-45.0
-1.67374	1.19189	66	70	-45.0
-1.66363	1.31748	66	67	-45.0
-1.65929	1.4342	66	65	-45.0
-1.65149	1.54295	66	63	-45.0
-1.64386	1.65681	67	60	-42.0
-1.63703	1.77141	67	58	-42.0
-1.63049	1.88582	67	56	-42.0
-1.63207	1.99201	67	54	-42.0
-1.62408	2.1265	67	51	-43.0
-1.58025	2.22422	68	49	-40.0
-1.46879	2.24158	70	49	-40.0
-1.36037	2.22943	72	49	-40.0
-1.24185	2.20233	75	49	-40.0
-1.11594	2.18892	77	50	-40.0
-1.00265	2.18692	79	50	-42.0
-0.896881	2.1762	82	50	-42.0
-0.784677	2.16607	84	50	-42.0
-0.683503	2.13938	86	51	-42.0
-0.662483	2.03695	86	53	-41.0
-0.662346	1.92452	86	55	-41.0
-0.672502	1.78715	86	58	-41.0
-0.667894	1.66919	86	60	-45.0
-0.664243	1.56096	86	62	-45.0
-0.672632	1.45902	86	64	-39.0
-0.682052	1.32852	86	67	-39.0
-0.690953	1.22341	86	69	-36.0
-0.700453	1.11573	85	71	-36.0
-0.709494	1.01351	85	73	-36.0
-0.718639	0.902135	85	75	-36.0
-0.728059	0.782462	85	78	-40.0
-0.740441	0.665644	85	80	-40.0
-0.755787	0.552491	84	82	-40.0
-0.766591	0.445658	84	85	-40.0
-0.780981	0.331398	84	87	-40.0
-0.793509	0.229094	84	89	-36.0
-0.803988	0.10361	83	91	-36.0
-0.815727	-0.00336754	83	94	-36.0
-0.8185	-0.108759	83	96	-36.0
-0.829044	-0.219949	83	98	-36.0
-0.83066	-0.328878	83	100	-36.0
-0.834503	-0.447973	83	102	-36.0
-0.84373	-0.564719	83	105	-36.0
-0.843432	-0.670958	83	107	-36.0
-0.874074	-0.782592	82	109	-36.0
-0.941154	-0.863466	81	111	-31.0
-1.04817	-0.923422	79	112	-31.0
-1.15805	-0.943889	76	112	-31.0
-1.27309	-0.930863	74	112	-31.0
-1.38487	-0.876901	72	111	-31.0
-1.47265	-0.811314	70	110	-31.0
-1.56731	-0.744993	68	108	-31.0
-1.65832	-0.681821	66	107	-31.0
-1.75033	-0.616545	64	106	-24.0
-1.85335	-0.54751	62	104	-24.0
-1.96038	-0.476924	60	103	-24.0
-2.06134	-0.423937	58	102	-24.0
-2.16426	-0.352461	56	101	-24.0
-2.25193	-0.259499	54	99	-24.0
-2.3167	-0.165913	53	97	-24.0
-2.38064	-0.0616599	52	95	-24.0
-2.42802	0.0671315	51	92	-24.0
-2.46731	0.169684	50	90	-24.0
-2.51415	0.277849	49	88	-38.0
-2.55627	0.405305	48	85	-38.0
-2.57381	0.539819	48	83	-38.0
-2.58632	0.656381	48	80	-38.0
-2.58768	0.77363	48	78	-38.0
-2.58477	0.885862	48	76	-47.0
-2.58969	1.00926	48	73	-47.0
-2.58868	1.12688	48	71	-47.0
-2.5882	1.23557	48	69	-47.0
-2.58885	1.34662	48	67	-39.0
-2.58895	1.46347	48	64	-39.0
-2.6005	1.57393	47	62	-39.0
-2.60386	1.68071	47	60	-40.0
-2.60596	1.79431	47	58	-40.0
-2.60071	1.91691	47	55	-40.0
-2.59592	2.03935	48	53	-40.0
-2.60024	2.14628	47	51	-40.0
-2.58967	2.26766	48	48	-40.0
-2.5919	2.37565	48	46	-40.0
-2.579	2.49303	48	44	-42.0
-2.56755	2.60076	48	41	-42.0
-2.56629	2.73373	48	39	-42.0
-2.5558	2.84999	48	37	-42.0
-2.54606	2.98744	49	34	-42.0
-2.53664	3.1144	49	31	-42.0
-2.50534	3.23348	49	29	-42.0
-2.45313	3.34404	50	27	-42.0
-2.37889	3.431	52	25	-42.0
-2.28422	3.50153	54	23	-43.0
-2.18405	3.55761	56	22	-37.0
-2.07138	3.57154	58	22	-37.0
-1.95793	3.55238	60	22	-37.0
-1.85871	3.50388	62	23	-37.0
-1.77146	3.44579	64	25	-37.0
-1.67475	3.39592	66	26	-42.0
-1.56316	3.36276	68	26	-37.0
-1.42224	3.34819	71	27	-37.0
-1.30644	3.34123	73	27	-43.0
-1.19596	3.33431	76	27	-42.0
-1.06876	3.32755	78	27	-42.0
-0.952958	3.32203	80	27	-42.0
-0.815469	3.32598	83	27	-38.0
-0.690573	3.32734	86	27	-38.0
-0.688315	3.32587	86	27	-40.0
-0.798279	3.32598	84	27	-40.0
-0.904495	3.32629	81	27	-40.0
-1.00775	3.30632	79	27	-40.0
-1.10963	3.30999	77	27	-40.0
-1.22402	3.31634	75	27	-38.0
-1.34127	3.32108	73	27	-38.0
-1.45376	3.32582	70	27	-38.0
-1.55917	3.33574	68	27	-38.0
-1.69165	3.34102	66	27	-38.0
-1.79468	3.35665	64	26	-42.0
-1.9143	3.36028	61	26	-40.0
-1.85767	3.45071	62	24	-40.0
-1.78335	3.52925	64	23	-40.0
-1.71044	3.61725	65	21	-40.0
-1.63793	3.69432	67	20	-40.0
-1.54636	3.75214	69	18	-40.0
-1.45156	3.78713	70	18	-45.0
-1.34291	3.78618	73	18	-37.0
-1.23083	3.77503	75	18	-37.0
-1.11903	3.7655	77	18	-37.0
-1.01066	3.7783	79	18	-37.0
-0.900458	3.7878	81	18	-37.0
-0.794581	3.79732	84	18	-37.0
-0.673376	3.81906	86	17	-37.0
-0.567375	3.82799	88	17	-39.0
-0.686487	3.82175	86	17	-39.0
-0.813025	3.8155	83	17	-39.0
-0.944186	3.80933	81	17	-45.0
-1.05912	3.80397	78	17	-37.0
-1.1879	3.7947	76	18	-37.0
-1.30385	3.78961	73	18	-37.0
-1.41683	3.78002	71	18	-37.0
-1.52718	3.75264	69	18	-37.0
-1.63651	3.74734	67	19	-37.0
-1.74505	3.76838	65	18	-37.0
-1.70736	3.85992	65	16	-38.0
-1.65475	3.95124	66	14	-38.0
-1.60164	4.04539	67	13	-38.0
-1.5454	4.13353	69	11	-48.0
-1.45658	4.2061	70	9	-44.0
-1.34264	4.24916	73	9	-44.0
-1.23783	4.26543	75	8	-40.0
-1.11729	4.25051	77	8	-40.0
-0.996753	4.25055	80	8	-44.0
-0.893127	4.26221	82	8	-41.0
-0.774899	4.28098	84	8	-41.0
-0.662976	4.28258	86	8	-41.0
-0.66293	4.28259	86	8	-44.0
-0.775759	4.27829	84	8	-44.0
-0.901927	4.28189	81	8	-44.0
-1.01627	4.28511	79	8	-44.0
-1.1246	4.28215	77	8	-40.0
-1.2318	4.2853	75	8	-40.0
-1.33923	4.2886	73	8	-40.0
-1.44751	4.29317	71	8	-40.0
-1.56551	4.29753	68	8	-40.0
-1.68044	4.30634	66	7	-40.0
-1.79811	4.31242	64	7	-40.0
-1.89928	4.30619	62	7	-44.0
-1.99912	4.34402	60	7	-44.0
-2.07107	4.41822	58	5	-39.0
-2.07591	4.40834	58	5	-42.0
-2.0217	4.30397	59	7	-42.0
-1.98578	4.20098	60	9	-42.0
-1.94288	4.12136	61	11	-42.0
-1.94694	4.00604	61	13	-42.0
-1.95146	3.89733	60	16	-41.0
-1.95504	3.7834	60	18	-41.0
-1.95762	3.67309	60	20	-41.0
-1.95976	3.54275	60	23	-41.0
-1.96134	3.427	60	25	-41.0
-1.9373	3.31178	61	27	-41.0
-1.94604	3.1994	61	30	-41.0
-1.9571	3.08819	60	32	-41.0
-2.00479	2.9786	59	34	-41.0
-2.02004	2.86347	59	36	-42.0
-2.04442	2.75295	59	38	-42.0
-2.05856	2.63675	58	41	-42.0
-2.03053	2.51569	59	43	-42.0
-2.03993	2.40844	59	45	-42.0
-2.04195	2.28771	59	48	-42.0
-2.0503	2.17084	58	50	-42.0
-2.05816	2.05939	58	52	-42.0
