-1.70763	0.0870343	65	92	-42.0
-1.73779	0.19364	65	90	-42.0
-1.77279	0.316474	64	87	-37.0
-1.77763	0.435774	64	85	-37.0
-1.71939	0.54443	65	83	-40.0
-1.667	0.653981	66	80	-40.0
-1.65527	0.756243	66	78	-40.0
-1.62361	0.858942	67	76	-40.0
-1.6031	0.959965	67	74	-40.0
-1.58003	1.06585	68	72	-40.0
-1.57457	1.16985	68	70	-40.0
-1.56477	1.31252	68	67	-40.0
-1.55436	1.41952	68	65	-40.0
-1.55666	1.54186	68	63	-40.0
-1.54872	1.6487	69	61	-40.0
-1.53965	1.78317	69	58	-40.0
-1.53503	1.91815	69	55	-40.0
-1.53197	2.02575	69	53	-42.0
-1.54699	2.13652	69	51	-42.0
-1.47969	2.19919	70	50	-38.0
-1.37221	2.20789	72	49	-31.0
-1.25229	2.23374	74	49	-31.0
-1.13144	2.25747	77	48	-31.0
-0.996547	2.28458	80	48	-32.0
-0.873402	2.28543	82	48	-32.0
-0.758021	2.27929	84	48	-40.0
-0.714619	2.22019	85	49	-40.0
-0.707225	2.11838	85	51	-40.0
-0.698543	1.98275	86	54	-40.0
-0.703815	1.84839	85	57	-42.0
-0.715665	1.6974	85	60	-43.0
-0.718419	1.58998	85	62	-43.0
-0.718216	1.46806	85	64	-43.0
-0.719716	1.2961	85	68	-38.0
-0.718288	1.15515	85	70	-38.0
-0.716334	1.03088	85	73	-38.0
-0.721497	0.92299	85	75	-38.0
-0.73431	0.802913	85	77	-38.0
-0.742652	0.681402	85	80	-38.0
-0.74788	0.572137	85	82	-38.0
-0.753726	0.463963	84	84	-38.0
-0.764448	0.308409	84	87	-38.0
-0.771178	0.199651	84	90	-43.0
-0.777222	0.092463	84	92	-43.0
-0.778857	-0.03041	84	94	-43.0
-0.784768	-0.152107	84	97	-43.0
-0.790133	-0.261613	84	99	-43.0
-0.796003	-0.412355	84	102	-44.0
-0.786794	-0.521255	84	104	-42.0
-0.789802	-0.629175	84	106	-42.0
-0.784915	-0.744835	84	108	-42.0
-0.898378	-0.763818	82	109	-42.0
-1.01165	-0.763814	79	109	-42.0
-1.1327	-0.755827	77	109	-42.0
-1.18234	-0.701473	76	108	-43.0
-1.1726	-0.594305	76	105	-43.0
-1.16227	-0.477936	76	103	-42.0
-1.15485	-0.352843	76	101	-42.0
-1.14386	-0.223833	77	98	-42.0
-1.13762	-0.115941	77	96	-42.0
-1.12961	-0.00410452	77	94	-42.0
-1.11937	0.10674	77	91	-42.0
-1.1105	0.223759	77	89	-42.0
-1.10325	0.353767	77	86	-39.0
-1.10647	0.484049	77	84	-39.0
-1.10199	0.595655	77	82	-38.0
-1.10709	0.731508	77	79	-38.0
-1.10378	0.85512	77	76	-38.0
-1.10047	0.964906	77	74	-41.0
-1.09822	1.09517	78	72	-41.0
-1.09607	1.22119	78	69	-41.0
-1.09447	1.3332	78	67	-41.0
-1.09421	1.47587	78	64	-41.0
-1.10279	1.59501	77	62	-36.0
-1.10475	1.71874	77	59	-36.0
-1.10501	1.8366	77	57	-36.0
-1.10714	1.94857	77	55	-36.0
-1.11249	2.06658	77	52	-35.0
-1.24503	2.1257	75	51	-30.0
-1.35136	2.14468	72	51	-30.0
-1.45452	2.1774	70	50	-30.0
-1.56272	2.13864	68	51	-38.0
-1.58255	2.00345	68	53	-38.0
-1.59787	1.89704	68	56	-38.0
-1.63265	1.79493	67	58	-38.0
-1.64998	1.67527	67	60	-36.0
-1.66802	1.53811	66	63	-36.0
-1.66921	1.43017	66	65	-39.0
-1.67147	1.32043	66	67	-39.0
-1.67487	1.20919	66	69	-39.0
-1.68473	1.05767	66	72	-44.0
-1.69865	0.924146	66	75	-44.0
-1.71432	0.790961	65	78	-44.0
-1.72547	0.679263	65	80	-45.0
-1.74019	0.544056	65	83	-46.0
-1.74703	0.396189	65	86	-45.0
-1.76226	0.24893	64	89	-45.0
-1.77324	0.127858	64	91	-45.0
-1.77984	0.0155511	64	93	-45.0
-1.78854	-0.096689	64	95	-45.0
-1.80061	-0.233444	63	98	-45.0
-1.80893	-0.342368	63	100	-45.0
-1.81782	-0.449949	63	102	-45.0
-1.82288	-0.557452	63	105	-45.0
-1.83164	-0.679647	63	107	-45.0
-1.93136	-0.705562	61	108	-43.0
-2.05936	-0.697688	58	107	-43.0
-2.16885	-0.694724	56	107	-43.0
-2.22993	-0.630671	55	106	-42.0
-2.23964	-0.500045	55	104	-38.0
-2.24487	-0.373199	55	101	-38.0
-2.2335	-0.262165	55	99	-38.0
-2.22388	-0.124282	55	96	-38.0
-2.21748	-0.00700117	55	94	-38.0
-2.21119	0.104515	55	91	-38.0
-2.21149	0.213623	55	89	-38.0
-2.20614	0.332118	55	87	-38.0
-2.20632	0.468215	55	84	-38.0
-2.20243	0.587199	55	82	-38.0
-2.19985	0.722754	56	79	-38.0
-2.19054	0.840147	56	77	-38.0
-2.18919	0.989382	56	74	-43.0
-2.18044	1.1175	56	71	-43.0
-2.17341	1.25138	56	68	-43.0
-2.16633	1.36778	56	66	-43.0
-2.1633	1.48908	56	64	-43.0
-2.15838	1.59561	56	62	-43.0
-2.14278	1.71233	57	59	-43.0
-2.12491	1.84962	57	57	-43.0
-2.12097	1.96928	57	54	-43.0
-2.12431	2.09399	57	52	-40.0
-2.12121	2.23009	57	49	-40.0
-2.11603	2.33952	57	47	-40.0
-2.11384	2.48259	57	44	-40.0
-2.11235	2.60464	57	41	-40.0
-2.10337	2.74059	57	39	-40.0
-2.09763	2.86373	58	36	-40.0
-2.09914	2.97657	58	34	-40.0
-2.09411	3.08436	58	32	-31.0
-2.08958	3.20247	58	29	-31.0
-2.0382	3.28007	59	28	-32.0
-1.92975	3.27869	61	28	-32.0
-1.822	3.27772	63	28	-32.0
-1.71319	3.29085	65	28	-32.0
-1.59353	3.28987	68	28	-32.0
-1.46155	3.30236	70	27	-32.0
-1.35	3.30204	73	27	-28.0
-1.23872	3.30214	75	27	-24.0
-1.09731	3.32276	78	27	-24.0
-0.971911	3.32159	80	27	-24.0
-0.853923	3.32288	82	27	-24.0
-0.728019	3.31203	85	27	-24.0
-0.660596	3.37883	86	26	-25.0
-0.638525	3.47771	87	24	-25.0
-0.609765	3.60945	87	21	-22.0
-0.654621	3.72059	86	19	-18.0
-0.776439	3.71966	84	19	-18.0
-0.898707	3.71823	82	19	-26.0
-1.03286	3.73316	79	19	-26.0
-1.14789	3.73099	77	19	-26.0
-1.26653	3.72987	74	19	-26.0
-1.3843	3.73364	72	19	-26.0
-1.48737	3.73846	70	19	-26.0
-1.59842	3.75458	68	18	-26.0
-1.7063	3.75879	65	18	-26.0
-1.82859	3.76609	63	18	-26.0
-1.93662	3.77046	61	18	-26.0
-1.98624	3.82636	60	17	-31.0
-1.96869	3.97554	60	14	-31.0
-1.94801	4.08273	61	12	-31.0
-1.93556	4.19156	61	10	-29.0
-1.81424	4.20552	63	9	-34.0
-1.67009	4.20482	66	9	-34.0
-1.55404	4.19746	68	10	-34.0
-1.45372	4.19362	70	10	-34.0
-1.33495	4.19336	73	10	-34.0
-1.22712	4.19049	75	10	-32.0
-1.0917	4.19027	78	10	-30.0
-1.09369	4.19023	78	10	-30.0
-1.2208	4.19214	75	10	-30.0
-1.34848	4.19435	73	10	-30.0
-1.46174	4.19663	70	10	-30.0
-1.57295	4.19254	68	10	-30.0
-1.69075	4.20162	66	9	-30.0
-1.80303	4.20549	63	9	-30.0
-1.91892	4.21679	61	9	-30.0
-2.04338	4.22907	59	9	-30.0
-2.15249	4.23849	56	9	-30.0
-2.25949	4.24814	54	9	-30.0
-2.36913	4.26318	52	8	-30.0
-2.43212	4.18447	51	10	-30.0
-2.46243	4.08204	50	12	-39.0
-2.49317	3.97272	50	14	-39.0
-2.50242	3.85635	49	16	-34.0
-2.52314	3.73059	49	19	-34.0
-2.54671	3.6038	49	21	-34.0
-2.56365	3.46258	48	24	-34.0
-2.5743	3.3413	48	27	-34.0
-2.58037	3.23357	48	29	-34.0
-2.57762	3.11039	48	31	-34.0
-2.58165	2.97418	48	34	-34.0
-2.60903	2.84677	47	37	-39.0
-2.62228	2.73958	47	39	-39.0
-2.63318	2.60562	47	41	-39.0
-2.64643	2.44765	47	45	-39.0
-2.65658	2.3164	46	47	-39.0
-2.66786	2.21479	46	49	-39.0
-2.67646	2.09208	46	52	-39.0
-2.68496	1.97592	46	54	-39.0
-2.69711	1.8312	46	57	-39.0
-2.70669	1.71553	45	59	-39.0
-2.71634	1.60793	45	61	-39.0
-2.71731	1.47386	45	64	-39.0
-2.72662	1.35214	45	66	-36.0
-2.73246	1.20347	45	69	-36.0
-2.74008	1.08858	45	72	-36.0
-2.74606	0.970669	45	74	-36.0
-2.75309	0.848549	44	77	-40.0
-2.75993	0.72468	44	79	-41.0
-2.76523	0.602039	44	81	-43.0
-2.75615	0.448219	44	85	-44.0
-2.7594	0.333122	44	87	-44.0
-2.75624	0.211005	44	89	-44.0
-2.7562	0.0897624	44	92	-44.0
-2.75735	-0.03347	44	94	-44.0
-2.74687	-0.149507	45	96	-44.0
-2.74805	-0.257766	45	99	-44.0
-2.72555	-0.374462	45	101	-44.0
-2.73111	-0.488007	45	103	-44.0
-2.72228	-0.597424	45	105	-44.0
-2.7527	-0.672673	44	107	-44.0
-2.87636	-0.671085	42	107	-44.0
-2.97776	-0.664514	40	107	-44.0
-3.09093	-0.659938	38	107	-44.0
-3.2081	-0.625076	35	106	-42.0
-3.21781	-0.505805	35	104	-43.0
-3.21843	-0.497597	35	103	-42.0
-3.2194	-0.611529	35	106	-41.0
-3.34259	-0.633886	33	106	-44.0
-3.44974	-0.651378	31	107	-44.0
-3.5575	-0.658729	28	107	-44.0
-3.65855	-0.666847	26	107	-44.0
-3.76631	-0.67082	24	107	-43.0
-3.88783	-0.67398	22	107	-47.0
-3.99563	-0.674219	20	107	-47.0
-4.10209	-0.687013	17	107	-45.0
-4.22342	-0.693244	15	107	-45.0
-4.34877	-0.699396	13	107	-45.0
-4.49376	-0.706591	10	108	-45.0
-4.61574	-0.7095	7	108	-45.0
-4.50001	-0.704392	9	108	-45.0
-4.37649	-0.699138	12	107	-45.0
-4.25334	-0.694145	14	107	-45.0
-4.14339	-0.694695	17	107	-45.0
-4.03031	-0.692916	19	107	-45.0
-3.91325	-0.685252	21	107	-49.0
-3.78969	-0.683099	24	107	-49.0
-3.67774	-0.711021	26	108	-49.0
-3.55961	-0.712285	28	108	-49.0
-3.44677	-0.713726	31	108	-49.0
-3.32969	-0.702139	33	108	-41.0
-3.27948	-0.64545	34	106	-46.0
-3.27581	-0.5207	34	104	-46.0
-3.273	-0.40228	34	102	-46.0
-3.25413	-0.293843	34	99	-46.0
-3.24739	-0.160478	35	97	-46.0
-3.21915	-0.0616197	35	95	-43.0
-3.20519	0.0462742	35	93	-43.0
-3.19486	0.148178	36	91	-43.0
-3.18681	0.272182	36	88	-39.0
-3.1803	0.378014	36	86	-39.0
-3.16492	0.496534	36	84	-41.0
-3.15625	0.632799	36	81	-41.0
-3.16916	0.762173	36	78	-38.0
-3.16186	0.912778	36	75	-38.0
-3.15482	1.0185	36	73	-38.0
-3.15125	1.12632	36	71	-38.0
-3.14915	1.28223	37	68	-38.0
-3.14079	1.43256	37	65	-38.0
-3.13211	1.54899	37	63	-40.0
-3.11448	1.6996	37	60	-40.0
-3.102	1.82324	37	57	-40.0
-3.09162	1.95016	38	54	-40.0
-3.08316	2.07669	38	52	-40.0
-3.07382	2.22008	38	49	-43.0
-3.07686	2.34907	38	47	-43.0
-3.07215	2.4561	38	44	-43.0
-3.06882	2.56372	38	42	-43.0
-3.06271	2.70061	38	39	-43.0
-3.06459	2.81045	38	37	-34.0
-3.06301	2.91878	38	35	-34.0
-3.05971	3.02627	38	33	-34.0
-3.06249	3.15455	38	30	-32.0
-3.06066	3.26217	38	28	-32.0
-3.06239	3.38019	38	26	-32.0
-3.06032	3.53061	38	23	-32.0
-3.05489	3.64904	38	21	-32.0
-3.0527	3.75652	38	18	-32.0
-3.05484	3.88108	38	16	-32.0
-3.06586	3.9822	38	14	-34.0
-3.06493	4.10407	38	11	-34.0
-3.07661	4.20076	38	9	-43.0
-3.20027	4.20538	35	9	-43.0
-3.31913	4.21637	33	9	-43.0
-3.44453	4.23744	31	9	-43.0
-3.57451	4.24907	28	9	-43.0
-3.62738	4.14599	27	11	-41.0
-3.63543	4.01553	27	13	-41.0
-3.64056	3.87759	27	16	-41.0
-3.65399	3.74504	26	19	-41.0
-3.65699	3.63715	26	21	-41.0
-3.66158	3.52667	26	23	-41.0
-3.66864	3.41463	26	25	-41.0
-3.6793	3.27107	26	28	-41.0
-3.68934	3.15623	26	30	-41.0
-3.69028	3.04714	26	33	-41.0
-3.6993	2.92544	26	35	-41.0
-3.70164	2.81077	25	37	-40.0
-3.71378	2.66848	25	40	-45.0
-3.72391	2.52525	25	43	-40.0
-3.71357	2.41726	25	45	-40.0
-3.69338	2.31329	26	47	-40.0
-3.68322	2.1908	26	50	-40.0
-3.67921	2.05436	26	52	-40.0
-3.67873	1.94446	26	55	-40.0
-3.68753	1.83491	26	57	-40.0
-3.69795	1.7019	26	59	-40.0
-3.70613	1.57973	25	62	-40.0
-3.71299	1.46731	25	64	-44.0
-3.7193	1.35549	25	66	-44.0
-3.72593	1.23359	25	69	-43.0
-3.7273	1.11672	25	71	-42.0
-3.73289	0.994752	25	74	-42.0
-3.72628	0.880714	25	76	-42.0
-3.72924	0.766007	25	78	-42.0
-3.73346	0.646325	25	81	-42.0
-3.73595	0.49502	25	84	-42.0
-3.7839	0.416774	24	85	-38.0
-3.90555	0.423537	21	85	-38.0
-4.01353	0.429105	19	85	-38.0
-4.1413	0.433306	17	85	-38.0
-4.21701	0.480556	15	84	-42.0
-4.19265	0.603538	16	81	-42.0
-4.1697	0.723516	16	79	-42.0
-4.15712	0.835347	16	77	-42.0
-4.14363	0.952233	17	74	-42.0
-4.13765	1.07762	17	72	-42.0
-4.12621	1.19653	17	70	-42.0
-4.12056	1.30567	17	67	-42.0
-4.10977	1.43303	17	65	-42.0
-4.10403	1.55049	17	62	-39.0
-4.09551	1.66728	18	60	-39.0
-4.0888	1.79074	18	58	-39.0
-4.08282	1.92092	18	55	-39.0
-4.07693	2.0275	18	53	-39.0
-4.07885	2.13691	18	51	-39.0
-4.07378	2.26842	18	48	-39.0
-4.07715	2.39025	18	46	-39.0
-4.07444	2.49691	18	44	-39.0
-4.07211	2.6034	18	41	-39.0
-4.07497	2.71924	18	39	-39.0
-4.07427	2.83867	18	37	-39.0
-4.08946	2.96533	18	34	-39.0
-4.09039	3.07288	18	32	-41.0
-4.09603	3.20276	18	29	-41.0
-4.09526	3.3341	18	27	-41.0
-4.08835	3.47689	18	24	-41.0
-4.08501	3.58819	18	22	-41.0
-4.08405	3.69191	18	20	-41.0
-4.07609	3.81656	18	17	-41.0
-4.07499	3.93791	18	15	-41.0
-4.06942	4.05915	18	12	-41.0
-4.06894	4.18829	18	10	-41.0
-4.17829	4.24215	16	9	-44.0
-4.32536	4.26559	13	8	-44.0
-4.44511	4.27543	11	8	-44.0
-4.51028	4.22093	9	9	-45.0
-4.53338	4.10136	9	11	-39.0
-4.55336	3.99546	8	14	-39.0
-4.57517	3.88384	8	16	-39.0
-4.59401	3.7711	8	18	-39.0
-4.60679	3.66049	7	20	-39.0
-4.6103	3.54382	7	23	-39.0
-4.61398	3.41022	7	25	-39.0
-4.61723	3.29868	7	28	-39.0
-4.62177	3.17578	7	30	-39.0
-4.64191	3.05831	7	32	-39.0
-4.65419	2.9502	6	34	-42.0
-4.66223	2.8308	6	37	-42.0
-4.66869	2.70071	6	39	-42.0
-4.66987	2.58574	6	42	-42.0
-4.67165	2.44902	6	45	-42.0
-4.66829	2.31899	6	47	-42.0
-4.67523	2.19719	6	50	-42.0
-4.68772	2.07561	6	52	-42.0
-4.69989	1.9691	6	54	-42.0
-4.70798	1.83168	5	57	-42.0
-4.71255	1.69635	5	60	-42.0
-4.71576	1.58871	5	62	-42.0
-4.71985	1.45352	5	64	-42.0
-4.72248	1.33145	5	67	-43.0
-4.72132	1.22242	5	69	-43.0
-4.72202	1.11497	5	71	-43.0
-4.71596	0.968281	5	74	-43.0
-4.71934	0.816783	5	77	-43.0
-4.71503	0.703883	5	79	-43.0
-4.71825	0.581999	5	82	-43.0
-4.64194	0.526174	7	83	-43.0
-4.50545	0.50412	9	83	-43.0
-4.40028	0.484601	11	84	-43.0
-4.29712	0.459657	14	84	-43.0
-4.16303	0.438289	16	85	-43.0
-4.05552	0.417732	18	85	-43.0
-3.94929	0.400429	21	85	-43.0
-3.79423	0.364275	24	86	-43.0
-3.68498	0.346087	26	87	-43.0
-3.55288	0.323566	28	87	-43.0
-3.44117	0.298174	31	88	-43.0
-3.29266	0.273259	34	88	-43.0
-3.17205	0.265545	36	88	-43.0
-3.06563	0.248894	38	89	-43.0
-2.93581	0.228049	41	89	-42.0
-2.82671	0.211226	43	89	-42.0
-2.70299	0.194883	45	90	-42.0
