-4.72607	0.99373	5	74	-13.0
-4.72462	0.882873	5	76	-13.0
-4.73019	0.781088	5	78	-25.0
-4.72957	0.670974	5	80	-25.0
-4.69343	0.565462	6	82	-25.0
-4.68782	0.570273	6	82	-25.0
-4.6877	0.679443	6	80	-25.0
-4.68729	0.793806	6	78	-24.0
-4.67283	0.920377	6	75	-24.0
-4.66414	1.02792	6	73	-24.0
-4.65196	1.13578	6	71	-24.0
-4.64714	1.24457	7	69	-24.0
-4.65182	1.35126	6	66	-24.0
-4.6619	1.45938	6	64	-24.0
-4.66757	1.56154	6	62	-24.0
-4.67502	1.66989	6	60	-24.0
-4.67926	1.78397	6	58	-23.0
-4.67048	1.89617	6	56	-23.0
-4.66779	1.99755	6	54	-23.0
-4.65943	2.10563	6	51	-23.0
-4.64853	2.2227	7	49	-23.0
-4.63859	2.32969	7	47	-23.0
-4.64207	2.43567	7	45	-23.0
-4.64303	2.54894	7	43	-23.0
-4.64613	2.66266	7	40	-32.0
-4.6554	2.77332	6	38	-32.0
-4.64498	2.89524	7	36	-32.0
-4.63519	3.04607	7	33	-32.0
-4.62672	3.1508	7	30	-32.0
-4.61612	3.2598	7	28	-32.0
-4.56013	3.36502	8	26	-32.0
-4.54362	3.49089	9	24	-28.0
-4.58258	3.59139	8	22	-28.0
-4.57506	3.71049	8	19	-28.0
-4.56973	3.82546	8	17	-28.0
-4.56049	3.93643	8	15	-31.0
-4.55384	4.05505	8	12	-31.0
-4.54352	4.17429	9	10	-31.0
-4.51077	4.27855	9	8	-27.0
-4.38864	4.28421	12	8	-33.0
-4.26606	4.27857	14	8	-33.0
-4.12496	4.28831	17	8	-29.0
-4.1345	4.17905	17	10	-33.0
-4.13833	4.07826	17	12	-33.0
-4.14237	3.96493	17	14	-33.0
-4.13888	3.85899	17	16	-33.0
-4.11791	3.74708	17	19	-33.0
-4.11294	3.6263	17	21	-33.0
-4.11295	3.51975	17	23	-25.0
-4.14933	3.42411	17	25	-25.0
-4.16324	3.31184	16	27	-25.0
-4.16591	3.20484	16	29	-25.0
-4.17271	3.10048	16	31	-25.0
-4.17781	2.99513	16	34	-25.0
-4.18372	2.88645	16	36	-25.0
-4.18646	2.77581	16	38	-22.0
-4.18422	2.65915	16	40	-30.0
-4.18489	2.55048	16	42	-27.0
-4.18902	2.44005	16	45	-27.0
-4.18896	2.32377	16	47	-27.0
-4.17614	2.21227	16	49	-27.0
-4.17334	2.09054	16	52	-27.0
-4.1711	1.98661	16	54	-20.0
-4.1656	1.87025	16	56	-20.0
-4.16235	1.76355	16	58	-20.0
-4.17107	1.63547	16	61	-20.0
-4.17945	1.5107	16	63	-20.0
-4.18766	1.39983	16	66	-20.0
-4.18531	1.2899	16	68	-20.0
-4.19373	1.16742	16	70	-20.0
-4.20075	1.03923	15	73	-20.0
-4.20572	0.92045	15	75	-20.0
-4.21172	0.797833	15	78	-20.0
-4.21511	0.6871	15	80	-20.0
-4.21404	0.585151	15	82	-20.0
-4.20623	0.581106	15	82	-20.0
-4.20627	0.578085	15	82	-20.0
-4.20324	0.692786	15	80	-16.0
-4.19976	0.813976	16	77	-16.0
-4.20314	0.926435	15	75	-16.0
-4.15568	0.955302	16	74	-16.0
-4.03255	0.935228	19	75	-16.0
-3.9099	0.905692	21	75	-16.0
-2.60732	1.29263	47	68	-20.0
-2.63234	1.188	47	70	-20.0
-2.65161	1.07014	46	72	-20.0
-2.67465	0.960247	46	74	-20.0
-2.69792	0.855044	46	76	-20.0
-2.71941	0.729915	45	79	-20.0
-2.74444	0.609621	45	81	-29.0
-2.75939	0.491142	44	84	-29.0
-2.78621	0.359715	44	86	-29.0
-2.82781	0.243652	43	89	-29.0
-2.88552	0.12132	42	91	-29.0
-2.943	0.0298703	41	93	-29.0
-3.01988	-0.0858502	39	95	-29.0
-3.08891	-0.193162	38	97	-29.0
-3.14081	-0.304554	37	100	-29.0
-3.21982	-0.413362	35	102	-32.0
-3.31033	-0.506522	33	104	-32.0
-3.42125	-0.584801	31	105	-32.0
-3.51402	-0.622463	29	106	-32.0
-3.62168	-0.642111	27	106	-32.0
-3.7333	-0.636535	25	106	-32.0
-3.84304	-0.630985	23	106	-32.0
-3.96858	-0.637095	20	106	-32.0
-4.1047	-0.633243	17	106	-32.0
-4.20287	-0.651519	15	107	-37.0
-4.33445	-0.652307	13	107	-37.0
-4.46587	-0.651126	10	107	-37.0
-4.57856	-0.653293	8	107	-37.0
-4.57995	-0.650875	8	107	-37.0
-4.47365	-0.648477	10	106	-37.0
-4.36144	-0.64594	12	106	-41.0
-4.24904	-0.652117	15	107	-41.0
-4.1411	-0.65046	17	107	-41.0
-4.02635	-0.675066	19	107	-41.0
-3.91788	-0.674418	21	107	-41.0
-3.81421	-0.68273	23	107	-41.0
-3.70281	-0.682312	25	107	-41.0
-3.58897	-0.67406	28	107	-41.0
-3.4829	-0.641496	30	106	-41.0
-3.37202	-0.641639	32	106	-41.0
-3.30258	-0.569581	33	105	-29.0
-3.24934	-0.464291	35	103	-29.0
-3.24281	-0.347354	35	100	-29.0
-3.23925	-0.236439	35	98	-29.0
-3.23266	-0.115402	35	96	-29.0
-3.21719	0.000429147	35	93	-27.0
-3.20529	0.111535	35	91	-27.0
-3.21721	0.230878	35	89	-27.0
-3.21798	0.344027	35	87	-27.0
-3.20921	0.454796	35	84	-27.0
-3.20635	0.577859	35	82	-26.0
-3.19929	0.694492	36	80	-26.0
-3.19024	0.81364	36	77	-26.0
-3.17978	0.924109	36	75	-26.0
-3.1667	1.05163	36	72	-25.0
-3.1564	1.15959	36	70	-25.0
-3.14415	1.27499	37	68	-25.0
-3.14045	1.3917	37	66	-25.0
-3.1348	1.53651	37	63	-25.0
-3.11962	1.69849	37	60	-25.0
-3.12417	1.82834	37	57	-25.0
-3.12572	1.94794	37	55	-25.0
-3.1203	2.04887	37	53	-35.0
-3.1148	2.16175	37	50	-35.0
-3.10729	2.28025	37	48	-35.0
-3.10372	2.39983	37	46	-35.0
-3.10308	2.53334	37	43	-35.0
-3.09826	2.65226	38	40	-35.0
-3.09756	2.76218	38	38	-35.0
-3.09327	2.87041	38	36	-35.0
-3.09112	2.98771	38	34	-29.0
-3.08669	3.10889	38	31	-29.0
-3.08142	3.2247	38	29	-29.0
-3.07798	3.33344	38	27	-35.0
-3.07993	3.47041	38	24	-35.0
-3.07464	3.59149	38	22	-35.0
-3.05576	3.70739	38	19	-35.0
-3.03542	3.82144	39	17	-35.0
-3.01702	3.93614	39	15	-35.0
-2.9981	4.05654	40	12	-35.0
-2.96653	4.16278	40	10	-35.0
-2.88337	4.23364	42	9	-31.0
-2.77611	4.27127	44	8	-31.0
-2.67	4.27673	46	8	-31.0
-2.55331	4.26839	48	8	-37.0
-2.43615	4.24123	51	9	-28.0
-2.40786	4.16979	51	10	-31.0
-2.43359	4.04878	51	13	-31.0
-2.463	3.9213	50	15	-31.0
-2.49866	3.82329	50	17	-31.0
-2.52596	3.70993	49	19	-31.0
-2.53385	3.59715	49	22	-29.0
-2.53576	3.47469	49	24	-29.0
-2.55135	3.35563	48	26	-29.0
-2.55171	3.24093	48	29	-29.0
-2.55077	3.11928	48	31	-29.0
-2.54854	3.00703	49	33	-29.0
-2.54697	2.89593	49	36	-29.0
-2.56395	2.76915	48	38	-29.0
-2.57361	2.65909	48	40	-29.0
-2.57003	2.54254	48	43	-29.0
-2.58735	2.42823	48	45	-29.0
-2.60321	2.31443	47	47	-29.0
-2.61541	2.19738	47	50	-33.0
-2.63218	2.0856	47	52	-33.0
-2.63876	1.96169	47	54	-33.0
-2.65444	1.85692	46	56	-33.0
-2.6718	1.74613	46	59	-33.0
-2.68335	1.63748	46	61	-33.0
-2.68843	1.51909	46	63	-33.0
-2.6823	1.40184	46	65	-33.0
-2.68645	1.27176	46	68	-33.0
-2.6839	1.14768	46	71	-33.0
-2.68647	1.03117	46	73	-33.0
-2.68192	0.90502	46	75	-27.0
-2.68374	0.787761	46	78	-27.0
-2.67575	0.672397	46	80	-27.0
-2.66917	0.541532	46	83	-27.0
-2.66327	0.423516	46	85	-27.0
-2.65392	0.297123	46	88	-27.0
-2.66866	0.16828	46	90	-27.0
-2.67033	0.0402549	46	93	-27.0
-2.68472	-0.0655066	46	95	-27.0
-2.7007	-0.188574	45	97	-27.0
-2.71803	-0.306119	45	100	-27.0
-2.7246	-0.44302	45	102	-27.0
-2.74457	-0.555919	45	105	-35.0
-2.73088	-0.66527	45	107	-35.0
-2.64691	-0.734353	47	108	-35.0
-2.53841	-0.73701	49	108	-35.0
-2.4186	-0.739993	51	108	-35.0
-2.31628	-0.749594	53	108	-27.0
-2.21029	-0.709312	55	108	-27.0
-2.1624	-0.621243	56	106	-27.0
-2.16888	-0.491776	56	103	-33.0
-2.17228	-0.373911	56	101	-33.0
-2.17331	-0.267048	56	99	-33.0
-2.17738	-0.153669	56	97	-33.0
-2.18531	-0.0448744	56	94	-33.0
-2.1908	0.0732103	56	92	-33.0
-2.19331	0.198733	56	90	-33.0
-2.1933	0.303721	56	87	-33.0
-2.18364	0.406144	56	85	-33.0
-2.17749	0.538416	56	83	-27.0
-2.16767	0.647252	56	81	-27.0
-2.16143	0.750107	56	78	-27.0
-2.15187	0.872636	56	76	-27.0
-2.14947	0.991805	57	74	-27.0
-2.14395	1.10078	57	71	-27.0
-2.13809	1.20526	57	69	-27.0
-2.13204	1.31081	57	67	-27.0
-2.12644	1.43849	57	65	-27.0
-2.12771	1.55198	57	62	-27.0
-2.12483	1.66049	57	60	-30.0
-2.12246	1.77386	57	58	-30.0
-2.12927	1.88239	57	56	-30.0
-2.1277	2.02148	57	53	-30.0
-2.11837	2.1275	57	51	-30.0
-2.11755	2.25203	57	48	-30.0
-2.12538	2.36015	57	46	-30.0
-2.12559	2.48451	57	44	-30.0
-2.13225	2.6016	57	41	-30.0
-2.14685	2.72182	57	39	-30.0
-2.15151	2.86323	56	36	-30.0
-2.1576	2.97138	56	34	-28.0
-2.1428	3.07983	57	32	-28.0
-2.10094	3.18895	57	30	-28.0
-2.02631	3.26878	59	28	-28.0
-1.92956	3.32735	61	27	-28.0
-1.82119	3.35419	63	26	-28.0
-1.70178	3.34131	65	27	-28.0
-1.59236	3.33478	68	27	-28.0
-1.49016	3.32443	70	27	-28.0
-1.37584	3.31327	72	27	-28.0
-1.25463	3.31211	74	27	-28.0
-1.13387	3.30253	77	27	-34.0
-1.00456	3.29804	79	28	-34.0
-0.896844	3.29068	82	28	-34.0
-0.784704	3.28786	84	28	-34.0
-0.695861	3.33046	86	27	-34.0
-0.6517	3.42561	86	25	-34.0
-0.654271	3.53063	86	23	-32.0
-0.656926	3.64874	86	21	-32.0
-0.659552	3.75246	86	18	-32.0
-0.662384	3.87423	86	16	-32.0
-0.664665	3.97967	86	14	-32.0
-0.667117	3.99379	86	14	-32.0
-0.676633	4.0998	86	12	-32.0
-0.757739	4.1776	84	10	-35.0
-0.866947	4.22512	82	9	-35.0
-0.980674	4.25449	80	8	-35.0
-1.08932	4.27688	78	8	-38.0
-1.20536	4.28144	75	8	-38.0
-1.31278	4.28531	73	8	-34.0
-1.41702	4.30822	71	7	-34.0
-1.51987	4.31295	69	7	-34.0
-1.63405	4.32554	67	7	-34.0
-1.75085	4.3318	64	7	-30.0
-1.89312	4.34353	62	7	-37.0
-2.00809	4.33565	59	7	-37.0
-2.11662	4.28912	57	8	-37.0
-2.19396	4.20851	56	9	-31.0
-2.23948	4.10399	55	11	-31.0
-2.25188	4.00151	54	13	-31.0
-2.21707	3.90334	55	15	-31.0
-2.14883	3.82152	57	17	-31.0
-2.05784	3.75764	58	18	-31.0
-1.94374	3.73349	61	19	-31.0
-1.83703	3.74355	63	19	-31.0
-1.72429	3.77628	65	18	-31.0
-1.62115	3.8126	67	17	-31.0
-1.5109	3.83943	69	17	-31.0
-1.40723	3.84843	71	17	-34.0
-1.30188	3.859	73	16	-34.0
-1.18282	3.84499	76	17	-34.0
-1.07145	3.81487	78	17	-34.0
-0.965966	3.78842	80	18	-34.0
-0.861351	3.76261	82	18	-34.0
-0.731695	3.72828	85	19	-34.0
-0.72721	3.73545	85	19	-34.0
-0.725563	3.73529	85	19	-35.0
-0.830792	3.74673	83	19	-35.0
-0.940175	3.75877	81	18	-35.0
-1.04531	3.77034	79	18	-35.0
-1.15515	3.78233	76	18	-35.0
-1.27477	3.79779	74	18	-35.0
-1.38395	3.8099	72	17	-35.0
-1.51349	3.83243	69	17	-35.0
-1.6225	3.84331	67	17	-32.0
-1.74786	3.85128	65	16	-32.0
-1.8782	3.86664	62	16	-32.0
-1.9907	3.87129	60	16	-32.0
-2.00759	3.76102	59	18	-32.0
-2.00213	3.64701	59	21	-28.0
-2.01082	3.52532	59	23	-28.0
-2.03195	3.40875	59	25	-28.0
-2.06464	3.29477	58	28	-28.0
-2.08612	3.1789	58	30	-28.0
-2.1116	3.07381	57	32	-28.0
-2.12966	2.97367	57	34	-28.0
-2.12105	2.86695	57	36	-28.0
-2.11621	2.75022	57	38	-28.0
-2.11693	2.63582	57	41	-32.0
-2.11317	2.51441	57	43	-32.0
-2.11716	2.3888	57	46	-32.0
-2.12096	2.27136	57	48	-32.0
-2.12376	2.16123	57	50	-32.0
-2.12626	2.05511	57	52	-32.0
-2.11844	1.94002	57	55	-32.0
-2.14297	1.81759	57	57	-32.0
-2.15044	1.69902	56	60	-32.0
-2.17235	1.57321	56	62	-32.0
-2.1927	1.45701	56	64	-32.0
-2.2166	1.34537	55	67	-23.0
-2.24281	1.22869	55	69	-23.0
-2.26669	1.11023	54	71	-23.0
-2.25886	0.993855	54	74	-23.0
-2.24749	0.856671	55	76	-23.0
-2.24783	0.723901	55	79	-23.0
-2.25509	0.602031	54	81	-23.0
-2.26402	0.483784	54	84	-23.0
-2.26834	0.353654	54	86	-23.0
-2.2762	0.226251	54	89	-23.0
-2.27964	0.110876	54	91	-23.0
-2.2828	-0.00224999	54	94	-26.0
-2.28722	-0.103541	54	96	-32.0
-2.3022	-0.213256	53	98	-27.0
-2.30787	-0.33689	53	100	-27.0
-2.32297	-0.466836	53	103	-30.0
-2.30802	-0.579872	53	105	-30.0
-2.25047	-0.696081	54	107	-30.0
-2.16954	-0.781473	56	109	-30.0
-2.06265	-0.828518	58	110	-30.0
-1.95287	-0.815016	60	110	-30.0
-1.84315	-0.757138	63	109	-30.0
-1.78872	-0.67158	64	107	-35.0
-1.77281	-0.56937	64	105	-32.0
-1.7609	-0.45271	64	103	-27.0
-1.75192	-0.344016	64	100	-32.0
-1.74319	-0.235463	65	98	-31.0
-1.74835	-0.105165	65	96	-31.0
-1.75514	0.00322352	64	93	-31.0
-1.75325	0.112155	64	91	-31.0
-1.74484	0.226391	65	89	-32.0
-1.73623	0.329546	65	87	-27.0
-1.72243	0.443399	65	85	-27.0
-1.70717	0.544737	65	83	-28.0
-1.69597	0.645842	66	81	-28.0
-1.67924	0.768677	66	78	-28.0
-1.67005	0.885054	66	76	-28.0
-1.65589	0.999959	66	74	-32.0
-1.64459	1.10897	67	71	-32.0
-1.64757	1.21075	67	69	-32.0
-1.6427	1.33913	67	67	-29.0
-1.64041	1.45373	67	64	-29.0
-1.63683	1.58	67	62	-29.0
-1.63441	1.70174	67	59	-29.0
-1.62659	1.81816	67	57	-29.0
-1.62565	1.93441	67	55	-29.0
-1.62131	2.05125	67	52	-36.0
-1.61437	2.16977	67	50	-31.0
-1.57496	2.26196	68	48	-31.0
-1.4646	2.28144	70	48	-31.0
-1.36119	2.27654	72	48	-31.0
-1.25564	2.22534	74	49	-31.0
-1.20469	2.12062	75	51	-31.0
-1.19043	2.00313	76	53	-31.0
-1.19492	1.88672	76	56	-31.0
-1.17882	1.75826	76	58	-38.0
-1.18496	1.6324	76	61	-38.0
-1.18645	1.51099	76	63	-38.0
-1.19179	1.39474	76	66	-38.0
-1.19291	1.28883	76	68	-38.0
-1.18877	1.18273	76	70	-38.0
-1.19302	1.07157	76	72	-38.0
-1.20491	0.958383	75	74	-38.0
-1.22418	0.836186	75	77	-38.0
-1.24875	0.712676	75	79	-38.0
-1.26658	0.59934	74	82	-38.0
-1.29645	0.492637	74	84	-38.0
-1.30577	0.390111	73	86	-28.0
-1.294	0.256222	74	88	-28.0
-1.28996	0.131844	74	91	-28.0
-1.28861	0.0215723	74	93	-28.0
-1.27861	-0.0966054	74	95	-28.0
-1.28667	-0.21003	74	98	-28.0
-1.28671	-0.341122	74	100	-28.0
-1.29328	-0.454702	74	103	-28.0
-1.30024	-0.572579	73	105	-28.0
-1.30682	-0.696021	73	107	-28.0
-1.24237	-0.770475	75	109	-32.0
-1.14394	-0.796823	77	109	-32.0
-1.04683	-0.778135	79	109	-32.0
-0.94035	-0.747686	81	108	-32.0
-0.852332	-0.69699	82	107	-37.0
-0.810324	-0.601189	83	106	-37.0
-0.781801	-0.48846	84	103	-37.0
-0.779286	-0.373575	84	101	-30.0
-0.767313	-0.261327	84	99	-30.0
-0.75551	-0.135918	84	96	-35.0
-0.744066	-0.0143022	85	94	-35.0
-0.717812	0.129347	85	91	-35.0
-0.708083	0.241144	85	89	-35.0
-0.699275	0.352052	86	86	-35.0
-0.698959	0.471633	86	84	-35.0
-0.691848	0.587759	86	82	-35.0
-0.691484	0.705104	86	79	-35.0
-0.68512	0.819682	86	77	-27.0
-0.683241	0.966264	86	74	-27.0
-0.679588	1.08376	86	72	-27.0
-0.681445	1.20211	86	69	-34.0
-0.678262	1.332	86	67	-34.0
-0.676506	1.45927	86	64	-34.0
-0.674192	1.59024	86	62	-34.0
-0.634111	1.72216	87	59	-34.0
-0.604989	1.83596	87	57	-34.0
-0.598722	1.95975	88	54	-34.0
-0.610491	2.09108	87	52	-34.0
-0.656929	2.17661	86	50	-28.0
-0.758311	2.23493	84	49	-30.0
-0.875524	2.2538	82	48	-30.0
-1.00874	2.25949	79	48	-30.0
-1.12937	2.2691	77	48	-30.0
-1.2378	2.27399	75	48	-30.0
-1.34377	2.28311	73	48	-30.0
-1.45456	2.29465	70	48	-26.0
-1.55834	2.29966	68	48	-26.0
-1.68725	2.30914	66	47	-26.0
-1.79503	2.31338	64	47	-36.0
-1.9098	2.31431	61	47	-36.0
-2.03716	2.31283	59	47	-36.0
-2.15146	2.31458	56	47	-36.0
-2.27457	2.32298	54	47	-36.0
-2.38316	2.32461	52	47	-36.0
-2.50686	2.32344	49	47	-36.0
-2.62169	2.32357	47	47	-36.0
-2.74433	2.32545	45	47	-36.0
-2.85111	2.33882	42	47	-36.0
-2.96753	2.40276	40	45	-28.0
-3.05299	2.47957	38	44	-28.0
-3.11146	2.59008	37	42	-28.0
-3.12911	2.70073	37	39	-27.0
-3.12595	2.81986	37	37	-27.0
-3.08547	2.92225	38	35	-27.0
-3.03567	3.04374	39	33	-27.0
-2.99116	3.15219	40	30	-27.0
-2.95966	3.25617	40	28	-27.0
-2.99254	3.37155	40	26	-27.0
-2.99802	3.48499	40	24	-27.0
-3.01254	3.61184	39	21	-27.0
-3.0195	3.72818	39	19	-27.0
-3.02784	3.85804	39	16	-27.0
-3.0443	3.99327	39	14	-27.0
-3.05435	4.13633	38	11	-27.0
-3.05812	4.24003	38	9	-31.0
-3.15422	4.29066	36	8	-37.0
-3.27589	4.30844	34	7	-37.0
-3.39327	4.33041	32	7	-37.0
-3.49932	4.31704	30	7	-32.0
-3.55516	4.2309	28	9	-32.0
-3.54725	4.11926	29	11	-32.0
-3.53885	4.008	29	13	-32.0
-3.54859	3.90129	29	15	-32.0
-3.53602	3.78009	29	18	-32.0
-3.54094	3.67283	29	20	-32.0
-3.55155	3.55804	28	22	-32.0
-3.55852	3.44003	28	25	-32.0
-3.56289	3.31993	28	27	-23.0
-3.57688	3.19785	28	30	-23.0
-3.58949	3.07465	28	32	-23.0
-3.6035	2.94487	27	35	-23.0
-3.61155	2.83133	27	37	-23.0
-3.62385	2.70111	27	39	-23.0
-3.62915	2.57856	27	42	-23.0
-3.63768	2.47068	27	44	-23.0
-3.64045	2.34447	27	47	-23.0
-3.64217	2.23939	27	49	-23.0
-3.6477	2.10642	27	51	-23.0
-3.65195	1.97428	26	54	-23.0
-3.66353	1.86635	26	56	-19.0
-3.67291	1.73471	26	59	-19.0
-3.68711	1.5893	26	62	-19.0
-3.69499	1.45928	26	64	-19.0
-3.70792	1.30665	25	67	-19.0
-3.72424	1.16924	25	70	-19.0
-3.73761	1.0333	25	73	-19.0
-3.77292	0.885817	24	76	-19.0
-3.84383	0.791966	23	78	-15.0
-3.96235	0.812323	20	77	-15.0
-4.07221	0.867909	18	76	-15.0
-4.14759	0.960843	17	74	-15.0
-4.17212	1.07349	16	72	-15.0
-4.18888	1.17817	16	70	-15.0
-4.20072	1.31495	15	67	-15.0
-4.20293	1.43454	15	65	-15.0
-4.18882	1.53653	16	63	-15.0
-4.16724	1.66573	16	60	-15.0
-4.14966	1.7907	17	58	-15.0
-4.13557	1.89159	17	56	-15.0
-4.11989	2.01048	17	53	-28.0
-4.10572	2.12521	17	51	-28.0
-4.09254	2.23279	18	49	-28.0
-4.08325	2.34492	18	47	-28.0
-4.08829	2.4571	18	44	-28.0
-4.10103	2.58105	17	42	-28.0
-4.11471	2.68683	17	40	-28.0
-4.12508	2.79789	17	38	-28.0
-4.12859	2.90728	17	35	-28.0
-4.12672	3.02335	17	33	-28.0
-4.11239	3.13794	17	31	-28.0
-4.09243	3.26214	18	28	-26.0
-4.08534	3.37865	18	26	-26.0
-4.06619	3.50283	18	23	-26.0
-4.05615	3.61983	18	21	-26.0
-4.04127	3.72604	19	19	-26.0
-4.02659	3.83347	19	17	-26.0
-4.0105	3.95991	19	14	-26.0
-3.99584	4.07406	20	12	-26.0
-3.98692	4.19668	20	10	-26.0
-4.03844	4.30247	19	7	-26.0
-4.13263	4.35129	17	6	-26.0
-4.2522	4.36511	14	6	-26.0
-4.36586	4.37687	12	6	-26.0
-4.47352	4.38506	10	6	-26.0
-4.56141	4.33027	8	7	-34.0
-4.5737	4.2246	8	9	-32.0
-4.57682	4.09352	8	12	-32.0
-4.57718	3.99013	8	14	-32.0
-4.57903	3.88231	8	16	-32.0
-4.58595	3.77097	8	18	-32.0
-4.6118	3.66073	7	20	-32.0
-4.63088	3.55105	7	22	-32.0
-4.65008	3.4454	6	25	-32.0
-4.672	3.3381	6	27	-32.0
-4.69267	3.22997	6	29	-32.0
-4.69866	3.11691	6	31	-28.0
-4.68921	2.99067	6	34	-28.0
-4.67965	2.875	6	36	-28.0
-4.66828	2.73543	6	39	-28.0
-4.67541	2.61144	6	41	-28.0
-4.68997	2.49155	6	44	-28.0
-4.7114	2.36809	5	46	-28.0
-4.7258	2.24049	5	49	-28.0
-4.73889	2.1153	5	51	-28.0
-4.75346	2.00118	4	53	-28.0
-4.76061	1.8808	4	56	-28.0
-4.75794	1.7692	4	58	-28.0
-4.75555	1.63569	4	61	-29.0
-4.75506	1.51524	4	63	-29.0
-4.75228	1.39218	4	66	-29.0
-4.74513	1.26995	5	68	-24.0
-4.74079	1.15285	5	70	-24.0
-4.73625	1.03142	5	73	-24.0
-4.73318	0.904555	5	75	-24.0
-4.73704	0.796247	5	78	-24.0
-4.73382	0.654899	5	80	-24.0
-4.73286	0.54062	5	83	-21.0
-4.61556	0.507207	7	83	-20.0
-4.50169	0.478452	9	84	-20.0
-4.39463	0.446475	12	85	-19.0
-2.54958	0.663437	49	80	-23.0
-2.56633	0.541151	48	83	-23.0
-2.57703	0.416077	48	85	-23.0
-2.58503	0.310192	48	87	-25.0
-2.59211	0.178987	48	90	-25.0
-2.60063	0.0646893	47	92	-25.0
-2.59947	-0.0564916	48	95	-25.0
-2.60626	-0.15852	47	97	-25.0
-2.611	-0.275994	47	99	-34.0
-2.61786	-0.39729	47	101	-34.0
-2.5528	-0.500099	48	104	-34.0
-2.59585	-0.562505	48	105	-32.0
-2.69595	-0.607876	46	106	-26.0
-2.82173	-0.635272	43	106	-26.0
-2.94337	-0.653473	41	107	-28.0
-3.0617	-0.669363	38	107	-28.0
-3.17463	-0.678117	36	107	-27.0
-3.283	-0.689051	34	107	-27.0
-3.40527	-0.702694	31	108	-31.0
-3.52286	-0.716464	29	108	-31.0
-3.63938	-0.717161	27	108	-39.0
-3.75563	-0.713243	24	108	-39.0
-3.86322	-0.713697	22	108	-41.0
-4.00053	-0.689184	19	107	-41.0
-4.1187	-0.681858	17	107	-40.0
-4.22643	-0.680247	15	107	-40.0
-4.36624	-0.6834	12	107	-42.0
-4.48792	-0.682629	10	107	-42.0
-4.59512	-0.693919	8	107	-40.0
-4.46237	-0.693677	10	107	-38.0
-4.33322	-0.693938	13	107	-38.0
-4.21585	-0.694578	15	107	-38.0
-4.10306	-0.692686	17	107	-38.0
-3.97997	-0.691455	20	107	-38.0
-3.86185	-0.700247	22	108	-38.0
-3.73659	-0.706498	25	108	-38.0
-3.6192	-0.710737	27	108	-38.0
-3.49916	-0.716459	30	108	-38.0
-3.37599	-0.720284	32	108	-38.0
-3.26903	-0.73873	34	108	-38.0
-3.15066	-0.744734	36	108	-38.0
-3.0339	-0.736348	39	108	-30.0
-2.92101	-0.730824	41	108	-30.0
-2.7836	-0.725342	44	108	-30.0
-2.67799	-0.719954	46	108	-30.0
-2.56154	-0.714434	48	108	-30.0
-2.43564	-0.718781	51	108	-30.0
-2.31892	-0.715784	53	108	-30.0
-2.20912	-0.691571	55	107	-30.0
-2.09225	-0.687663	58	107	-30.0
-1.97689	-0.708311	60	108	-31.0
-1.87098	-0.707338	62	108	-31.0
-1.7569	-0.701242	64	108	-31.0
-1.64452	-0.699013	67	107	-31.0
-1.53329	-0.698695	69	107	-31.0
-1.43726	-0.728754	71	108	-31.0
-1.30956	-0.732744	73	108	-31.0
-1.19595	-0.741112	76	108	-35.0
-1.07833	-0.74774	78	108	-35.0
-1.18894	-0.740459	76	108	-37.0
-1.19849	-0.618845	76	106	-37.0
-1.1739	-0.512213	76	104	-29.0
-1.11557	-0.404632	77	102	-29.0
-1.03982	-0.316191	79	100	-29.0
-0.931776	-0.255166	81	99	-29.0
-0.820701	-0.199873	83	97	-29.0
-0.855373	-0.130437	82	96	-29.0
-0.859143	-0.243565	82	98	-29.0
-0.85871	-0.232275	82	98	-29.0
-0.855328	-0.119804	82	96	-29.0
-0.851424	0.00507298	82	93	-29.0
-0.830532	0.149103	83	91	-29.0
-0.799844	0.257974	84	88	-29.0
-0.777182	0.377689	84	86	-29.0
-0.752781	0.507494	84	83	-29.0
-0.734278	0.623662	85	81	-29.0
-0.723592	0.756805	85	78	-29.0
-0.706336	0.878387	85	76	-29.0
-0.687385	1.02683	86	73	-29.0
-0.673394	1.13365	86	71	-29.0
-0.669845	1.279	86	68	-29.0
-0.654847	1.39986	86	66	-29.0
-0.639942	1.51325	87	63	-29.0
-0.619403	1.64608	87	61	-29.0
-0.608021	1.75313	87	58	-29.0
-0.603961	1.8691	87	56	-29.0
-0.590645	2.01992	88	53	-29.0
-0.642986	2.07453	87	52	-29.0
-0.75444	2.13097	84	51	-29.0
-0.845784	2.18945	83	50	-29.0
-0.882068	2.26146	82	48	-29.0
-0.963043	2.17299	80	50	-29.0
-1.00885	2.04323	79	53	-29.0
-1.03534	1.92342	79	55	-29.0
-1.05995	1.81828	78	57	-24.0
-1.09168	1.70938	78	59	-24.0
-1.12775	1.58946	77	62	-24.0
-1.14237	1.45355	77	64	-24.0
-1.16163	1.3426	76	67	-24.0
-1.17028	1.23509	76	69	-24.0
-1.18405	1.11506	76	71	-24.0
-1.1915	0.993513	76	74	-24.0
-1.20511	0.832666	75	77	-24.0
-1.21161	0.725449	75	79	-24.0
-1.21365	0.616583	75	81	-24.0
-1.21512	0.493885	75	84	-24.0
-1.22037	0.386237	75	86	-24.0
-1.21878	0.268757	75	88	-24.0
-1.24576	0.149908	75	91	-28.0
-1.25384	0.028522	74	93	-28.0
-1.27953	-0.0907418	74	95	-28.0
-1.39549	-0.123725	72	96	-34.0
-1.5026	-0.13619	69	96	-34.0
-1.6259	-0.149095	67	96	-34.0
-1.74566	-0.136056	65	96	-30.0
-1.73534	-0.0205552	65	94	-30.0
-1.73893	0.115334	65	91	-30.0
-1.74638	0.215787	65	89	-30.0
-1.75105	0.335714	64	87	-30.0
-1.75218	0.443538	64	85	-30.0
-1.73917	0.548976	65	83	-30.0
-1.72319	0.670846	65	80	-30.0
-1.71793	0.779607	65	78	-29.0
-1.70355	0.900197	65	75	-29.0
-1.69646	1.02156	66	73	-29.0
-1.68548	1.13045	66	71	-30.0
-1.67385	1.23741	66	69	-30.0
-1.66459	1.37564	66	66	-32.0
-1.6506	1.51112	66	63	-32.0
-1.63771	1.62054	67	61	-32.0
-1.62588	1.74173	67	59	-32.0
-1.62105	1.88765	67	56	-32.0
-1.61168	1.99515	67	54	-32.0
-1.59989	2.11835	68	51	-32.0
-1.7036	2.18606	65	50	-31.0
-1.8145	2.2633	63	48	-31.0
-1.9363	2.31514	61	47	-31.0
-2.05968	2.33535	58	47	-31.0
-2.16529	2.33261	56	47	-31.0
-2.17147	2.22143	56	49	-26.0
-2.17006	2.09947	56	52	-26.0
-2.16648	1.97415	56	54	-26.0
-2.16338	1.85289	56	56	-26.0
-2.15761	1.73428	56	59	-26.0
-2.16017	1.61987	56	61	-26.0
-2.16672	1.50686	56	63	-26.0
-2.16569	1.39915	56	66	-22.0
-2.17127	1.29082	56	68	-22.0
-2.17397	1.16798	56	70	-22.0
-2.17958	1.04537	56	73	-22.0
-2.18846	0.898923	56	76	-22.0
-2.19268	0.776598	56	78	-26.0
-2.19534	0.665846	56	80	-26.0
-2.19746	0.540354	56	83	-26.0
-2.1998	0.41768	56	85	-26.0
-2.20152	0.302528	55	87	-26.0
-2.21411	0.182307	55	90	-26.0
-2.23659	0.0739061	55	92	-26.0
-2.24941	-0.0467382	55	94	-26.0
-2.29649	-0.142482	54	96	-21.0
-2.40253	-0.166844	51	97	-21.0
-2.53563	-0.198017	49	97	-21.0
-2.65999	-0.193455	46	97	-27.0
-2.76849	-0.116491	44	96	-25.0
-2.778	0.0342259	44	93	-25.0
-2.77023	0.141708	44	91	-25.0
-2.75774	0.253205	44	88	-25.0
-2.74947	0.375123	45	86	-25.0
-2.73856	0.499624	45	84	-25.0
-2.72683	0.651383	45	80	-25.0
-2.71659	0.757371	45	78	-25.0
-2.70745	0.87794	45	76	-25.0
-2.70165	1.00138	45	73	-24.0
-2.70058	1.10194	45	71	-24.0
-2.69577	1.20952	46	69	-24.0
-2.68858	1.32873	46	67	-24.0
-2.68381	1.45014	46	64	-24.0
-2.69065	1.58211	46	62	-29.0
-2.68845	1.68983	46	60	-29.0
-2.68494	1.80238	46	57	-29.0
-2.67708	1.91878	46	55	-29.0
-2.66352	2.06997	46	52	-29.0
-2.65755	2.18154	46	50	-29.0
-2.64646	2.30364	47	47	-29.0
-2.64865	2.4225	47	45	-29.0
-2.64091	2.5297	47	43	-29.0
-2.63025	2.67086	47	40	-29.0
-2.62213	2.79279	47	38	-29.0
-2.56769	2.86753	48	36	-33.0
-2.45847	2.86776	50	36	-29.0
-2.35067	2.86822	52	36	-29.0
-2.21751	2.88019	55	36	-30.0
-2.10525	2.89143	57	36	-37.0
-2.05522	3.00694	58	33	-37.0
-2.01192	3.13372	59	31	-33.0
-2.00145	3.24538	59	29	-33.0
-1.98837	3.36265	60	26	-31.0
-1.90979	3.4053	61	25	-29.0
-1.80215	3.40016	63	25	-29.0
-1.698	3.3947	66	26	-29.0
-1.5553	3.38728	68	26	-29.0
-1.44723	3.38425	71	26	-29.0
-1.33773	3.38232	73	26	-29.0
-1.21632	3.37839	75	26	-29.0
-1.09198	3.37642	78	26	-29.0
-0.941708	3.37163	81	26	-29.0
-0.82992	3.36696	83	26	-29.0
-0.715077	3.38318	85	26	-33.0
-0.652122	3.46516	86	24	-33.0
-0.613206	3.5939	87	22	-33.0
-0.598065	3.69624	88	20	-33.0
-0.718799	3.74607	85	19	-40.0
-0.816338	3.76919	83	18	-40.0
-0.954489	3.79921	80	18	-40.0
-1.0604	3.82209	78	17	-37.0
-1.17924	3.84694	76	17	-37.0
-1.29988	3.86306	74	16	-37.0
-1.41241	3.88505	71	16	-37.0
-1.54342	3.9082	69	15	-37.0
-1.65767	3.90947	66	15	-32.0
-1.76816	3.91098	64	15	-35.0
-1.90514	3.90959	61	15	-35.0
-1.99808	3.94956	60	15	-34.0
-2.00456	4.08558	59	12	-34.0
-2.00065	4.19619	59	10	-27.0
-1.89801	4.25607	62	8	-35.0
-1.78086	4.26591	64	8	-35.0
-1.66218	4.2573	66	8	-34.0
-1.53864	4.25727	69	8	-34.0
-1.41842	4.26314	71	8	-30.0
-1.31123	4.25997	73	8	-30.0
-1.19282	4.25586	76	8	-31.0
-1.05686	4.2484	78	9	-33.0
-0.939766	4.24631	81	9	-33.0
-0.832173	4.24187	83	9	-33.0
-0.712924	4.23771	85	9	-33.0
-0.826659	4.241	83	9	-33.0
-0.934308	4.24458	81	9	-28.0
-1.04102	4.24826	79	9	-28.0
-1.15543	4.25149	76	8	-28.0
-1.28063	4.25476	74	8	-30.0
-1.39832	4.25492	72	8	-30.0
-1.50661	4.25198	69	8	-30.0
-1.61431	4.25403	67	8	-30.0
-1.74581	4.25656	65	8	-30.0
-1.85287	4.25897	62	8	-30.0
-1.97189	4.25886	60	8	-30.0
-2.0994	4.26013	58	8	-30.0
-2.21252	4.26255	55	8	-30.0
-2.307	4.29822	53	8	-30.0
-2.43767	4.30707	51	7	-30.0
-2.44355	4.18245	51	10	-32.0
-2.44061	4.04804	51	13	-32.0
-2.45437	3.93462	50	15	-32.0
-2.4574	3.82667	50	17	-32.0
-2.4706	3.70769	50	19	-32.0
-2.47218	3.58608	50	22	-32.0
-2.47561	3.47948	50	24	-32.0
-2.4992	3.36371	50	26	-32.0
-2.53193	3.24192	49	29	-32.0
-2.55832	3.11533	48	31	-23.0
-2.58614	2.99948	48	34	-25.0
-2.60533	2.87992	47	36	-25.0
-2.60461	2.75634	47	38	-25.0
-2.60439	2.64827	47	41	-25.0
-2.60691	2.49774	47	44	-25.0
-2.62613	2.37275	47	46	-25.0
-2.64333	2.22611	47	49	-25.0
-2.65874	2.1125	46	51	-25.0
-2.67057	1.99225	46	54	-25.0
-2.68532	1.87177	46	56	-25.0
-2.69631	1.75436	46	58	-25.0
-2.71131	1.61188	45	61	-25.0
-2.70505	1.49388	45	64	-22.0
-2.7022	1.37631	45	66	-27.0
-2.69987	1.26033	46	68	-27.0
-2.6981	1.15739	46	70	-27.0
-2.69832	1.03559	46	73	-27.0
-2.698	0.911952	46	75	-27.0
-2.70592	0.790392	45	78	-27.0
-2.70322	0.672583	45	80	-27.0
-2.70798	0.548954	45	83	-27.0
-2.70804	0.419515	45	85	-27.0
-2.70857	0.318704	45	87	-27.0
-2.71513	0.182973	45	90	-27.0
-2.72535	0.0647692	45	92	-27.0
-2.73305	-0.0602553	45	95	-27.0
-2.84298	-0.0888915	43	95	-33.0
-2.97883	-0.0738012	40	95	-33.0
-3.09134	-0.060475	38	95	-33.0
-3.21992	-0.0481858	35	94	-33.0
-3.23616	0.0759362	35	92	-28.0
-3.23755	0.198628	35	90	-28.0
-3.24413	0.309348	35	87	-28.0
-3.23299	0.448231	35	85	-28.0
-3.21236	0.601211	35	81	-28.0
-3.20166	0.722566	35	79	-28.0
-3.18747	0.843775	36	77	-28.0
-3.17894	0.950515	36	74	-28.0
-3.17107	1.05782	36	72	-23.0
-3.17372	1.20518	36	69	-23.0
-3.16783	1.31272	36	67	-23.0
-3.14445	1.42548	37	65	-23.0
-3.1379	1.54704	37	63	-23.0
-3.13456	1.66903	37	60	-23.0
-3.1269	1.81947	37	57	-23.0
-3.14145	1.94345	37	55	-23.0
-3.13789	2.06534	37	52	-23.0
-3.12654	2.20041	37	49	-23.0
-3.12322	2.3153	37	47	-23.0
-3.13595	2.42768	37	45	-23.0
-3.13458	2.5475	37	43	-23.0
-3.1328	2.67659	37	40	-23.0
-3.12627	2.81323	37	37	-23.0
-3.11775	2.92347	37	35	-31.0
-3.12223	3.05834	37	32	-31.0
-3.11251	3.19437	37	30	-31.0
-3.11142	3.34269	37	27	-31.0
-3.1052	3.46483	37	24	-31.0
-3.09799	3.59029	38	22	-31.0
-3.09093	3.74046	38	19	-31.0
-3.10699	3.87295	37	16	-31.0
-3.10375	3.9803	37	14	-31.0
-3.09921	4.10572	38	11	-31.0
-3.1764	4.17853	36	10	-27.0
-3.27579	4.21956	34	9	-27.0
-3.40398	4.25803	31	8	-27.0
-3.50476	4.22459	29	9	-27.0
-3.52378	4.10254	29	11	-27.0
-3.54228	3.9807	29	14	-26.0
-3.56956	3.84107	28	17	-26.0
-3.58577	3.7339	28	19	-26.0
-3.59251	3.62442	28	21	-26.0
-3.60968	3.50298	27	23	-26.0
-3.62551	3.3741	27	26	-26.0
-3.64381	3.23829	27	29	-26.0
-3.65307	3.11203	26	31	-26.0
-3.66758	2.99056	26	34	-26.0
-3.67367	2.87562	26	36	-26.0
-3.68712	2.74661	26	39	-26.0
-3.68499	2.61832	26	41	-26.0
-3.69666	2.49559	26	44	-26.0
-3.69838	2.37418	26	46	-26.0
-3.70683	2.2664	25	48	-21.0
-3.71486	2.15837	25	50	-21.0
-3.71979	2.01586	25	53	-21.0
-3.72715	1.89376	25	56	-21.0
-3.73239	1.75213	25	58	-21.0
-3.7387	1.63695	25	61	-21.0
-3.73535	1.51499	25	63	-21.0
-3.73954	1.40686	25	65	-21.0
-3.75187	1.28246	24	68	-21.0
-3.75561	1.17414	24	70	-21.0
-3.75515	1.06589	24	72	-21.0
-3.75226	0.957472	24	74	-21.0
-3.81302	0.897127	23	76	-17.0
-3.92633	0.901165	21	75	-17.0
-4.03434	0.904909	19	75	-17.0
-4.16063	0.909294	16	75	-17.0
-4.20811	0.856875	15	76	-17.0
-4.21195	0.755567	15	78	-13.0
-4.21659	0.620032	15	81	-13.0
-4.22212	0.506511	15	83	-13.0
-4.21937	0.618907	15	81	-13.0
-4.21655	0.725214	15	79	-19.0
-4.21255	0.844557	15	77	-19.0
-4.1841	0.973509	16	74	-19.0
-4.16829	1.09126	16	72	-21.0
-4.1382	1.18739	17	70	-21.0
-4.11862	1.30526	17	67	-24.0
-4.11018	1.41546	17	65	-25.0
-4.10396	1.54421	17	63	-24.0
-4.09578	1.66025	18	60	-24.0
-4.11023	1.78369	17	58	-24.0
-4.10373	1.89758	17	56	-21.0
-4.09178	2.00478	18	53	-21.0
-4.08485	2.11755	18	51	-21.0
-4.04298	2.23925	19	49	-21.0
-4.03079	2.37611	19	46	-21.0
-4.02559	2.50175	19	43	-21.0
-4.0172	2.62102	19	41	-21.0
-4.00611	2.73354	19	39	-21.0
-4.03571	2.84698	19	37	-21.0
-4.0283	2.97211	19	34	-21.0
-4.02679	3.09805	19	32	-21.0
-4.01766	3.21689	19	29	-21.0
-4.01217	3.32586	19	27	-26.0
-4.00632	3.44067	19	25	-26.0
-3.99598	3.56536	20	22	-26.0
-3.98452	3.67555	20	20	-26.0
-3.97391	3.7998	20	18	-26.0
-3.97094	3.90589	20	15	-26.0
-3.96279	4.01095	20	13	-26.0
-3.9808	4.02949	20	13	-26.0
-3.9807	4.0305	20	13	-26.0
-4.04121	4.15434	19	10	-28.0
-4.13378	4.20857	17	9	-28.0
-4.2351	4.24479	15	9	-28.0
-4.42223	4.22514	11	9	-28.0
-4.54021	4.22246	9	9	-28.0
-4.53799	4.23099	9	9	-28.0
-4.58542	4.1552	8	10	-27.0
-4.60722	4.0256	7	13	-28.0
-4.6276	3.89236	7	16	-28.0
-4.63476	3.78424	7	18	-28.0
-4.64027	3.66628	7	20	-27.0
-4.6436	3.55042	7	22	-27.0
-4.64782	3.40023	7	25	-27.0
-4.6436	3.24856	7	29	-27.0
-4.64131	3.14064	7	31	-27.0
-4.64276	3.03062	7	33	-27.0
-4.63813	2.90848	7	35	-27.0
-4.64182	2.77811	7	38	-27.0
-4.6508	2.6462	6	41	-27.0
-4.65777	2.5206	6	43	-27.0
-4.66599	2.41305	6	45	-27.0
-4.66739	2.29787	6	48	-25.0
-4.67352	2.17827	6	50	-25.0
-4.68227	2.06832	6	52	-25.0
-4.70561	1.94743	5	55	-23.0
-4.70557	1.84177	5	57	-25.0
-4.71079	1.72533	5	59	-25.0
-4.70951	1.6176	5	61	-25.0
-4.7028	1.49108	5	64	-25.0
-4.70053	1.36938	5	66	-25.0
-4.69144	1.26685	6	68	-27.0
-4.69429	1.12865	6	71	-27.0
-4.6923	1.01961	6	73	-27.0
-4.7038	0.891206	5	76	-27.0
-4.70818	0.775493	5	78	-27.0
-4.71331	0.647818	5	81	-25.0
-4.72271	0.525654	5	83	-25.0
-4.6785	0.455967	6	84	-25.0
-4.54481	0.425205	9	85	-25.0
-4.41189	0.410944	11	85	-25.0
-4.33441	0.456283	13	84	-13.0
-4.30859	0.562447	13	82	-13.0
-4.28478	0.667207	14	80	-13.0
-4.25361	0.79888	14	78	-13.0
-4.20266	0.908895	15	75	-13.0
-4.09767	1.0229	18	73	-18.0
-3.99114	1.08055	20	72	-22.0
-3.86228	1.11538	22	71	-22.0
-3.74926	1.11166	25	71	-22.0
-3.62832	1.11648	27	71	-22.0
-3.52094	1.11116	29	71	-22.0
-3.41376	1.106	31	71	-22.0
-3.30033	1.09769	33	72	-18.0
-3.19281	1.09357	36	72	-18.0
-3.07536	1.10258	38	71	-18.0
-2.95348	1.0978	40	72	-22.0
-2.83268	1.09884	43	72	-22.0
