-4.54753	-0.651158	9	107	-35.0
-4.43381	-0.655614	11	107	-31.0
-4.29534	-0.668848	14	107	-32.0
-4.18557	-0.67167	16	107	-31.0
-4.0842	-0.674578	18	107	-28.0
-3.97446	-0.676929	20	107	-31.0
-3.84012	-0.681906	23	107	-31.0
-3.72983	-0.68537	25	107	-29.0
-3.62238	-0.691546	27	107	-28.0
-3.48486	-0.694505	30	107	-29.0
-3.35269	-0.671874	32	107	-28.0
-3.24965	-0.62399	35	106	-25.0
-3.13817	-0.542713	37	104	-22.0
-3.02318	-0.47716	39	103	-19.0
-2.88937	-0.439315	42	102	-16.0
-2.76791	-0.448752	44	102	-17.0
-2.65974	-0.480513	46	103	-15.0
-2.56563	-0.538949	48	104	-17.0
-2.46265	-0.635089	50	106	-17.0
-2.33993	-0.715882	53	108	-18.0
-2.24349	-0.752661	55	109	-19.0
-2.12184	-0.793841	57	109	-23.0
-2.01305	-0.830484	59	110	-24.0
-1.89982	-0.841824	62	110	-25.0
-1.75158	-0.842701	64	110	-25.0
-1.6246	-0.854743	67	111	-26.0
-1.5216	-0.844354	69	110	-24.0
-1.38164	-0.857108	72	111	-27.0
-1.27044	-0.886082	74	111	-28.0
-1.1365	-0.89246	77	111	-28.0
-1.0135	-0.884279	79	111	-29.0
-0.884659	-0.879765	82	111	-27.0
-0.840452	-0.851035	83	111	-28.0
-0.813162	-0.737782	83	108	-28.0
-0.788439	-0.634063	84	106	-29.0
-0.756646	-0.496999	84	103	-29.0
-0.724412	-0.367745	85	101	-33.0
-0.689	-0.252157	86	99	-31.0
-0.66247	-0.144633	86	96	-32.0
-0.633038	-0.024034	87	94	-31.0
-0.617639	0.0994892	87	92	-31.0
-0.618775	-0.0202838	87	94	-30.0
-0.62439	-0.132728	87	96	-31.0
-0.634288	-0.265276	87	99	-29.0
-0.650309	-0.375148	86	101	-30.0
-0.774203	-0.369437	84	101	-30.0
-0.891769	-0.35742	82	101	-31.0
-1.03351	-0.330305	79	100	-28.0
-1.13982	-0.322238	77	100	-29.0
-1.25329	-0.292848	74	99	-26.0
-1.37868	-0.285127	72	99	-28.0
-1.49243	-0.276047	70	99	-24.0
-1.60616	-0.266972	67	99	-24.0
-1.71924	-0.262107	65	99	-22.0
-1.84844	-0.252192	63	99	-21.0
-1.97538	-0.257169	60	99	-20.0
-2.10189	-0.265803	57	99	-17.0
-2.2357	-0.276416	55	99	-18.0
-2.35713	-0.28198	52	99	-17.0
-2.48508	-0.286158	50	99	-18.0
-2.60289	-0.287306	47	99	-22.0
-2.71515	-0.274696	45	99	-22.0
-2.82099	-0.248685	43	98	-25.0
-2.94845	-0.190165	41	97	-26.0
-3.03645	-0.119241	39	96	-23.0
-3.23342	-0.0316453	35	94	-19.0
-3.30753	0.0536682	33	92	-19.0
-3.40039	0.129237	31	91	-25.0
-3.49039	0.201077	30	89	-31.0
-3.57532	0.277017	28	88	-33.0
-3.67509	0.343078	26	87	-30.0
-3.77962	0.370982	24	86	-29.0
-3.89905	0.382773	22	86	-33.0
-4.05028	0.382387	18	86	-35.0
-4.17046	0.389046	16	86	-43.0
-4.28312	0.390023	14	86	-38.0
-4.39291	0.409246	12	85	-37.0
-4.51244	0.394317	9	86	-41.0
-4.52227	0.38612	9	86	-40.0
-4.41046	0.380895	11	86	-38.0
-4.3073	0.372011	13	86	-40.0
-4.19659	0.372396	16	86	-41.0
-4.07972	0.356711	18	86	-39.0
-3.95423	0.332523	20	87	-36.0
-3.84842	0.320293	23	87	-31.0
-3.72487	0.312511	25	87	-25.0
-3.59012	0.307897	28	87	-25.0
-3.47565	0.310445	30	87	-29.0
-3.34481	0.316094	33	87	-28.0
-3.2271	0.314263	35	87	-24.0
-3.1185	0.30498	37	87	-25.0
-2.97268	0.299842	40	88	-24.0
-2.86137	0.311904	42	87	-20.0
-2.72779	0.304624	45	87	-20.0
-2.61804	0.288816	47	88	-24.0
-2.50129	0.277961	49	88	-25.0
-2.39295	0.25687	52	88	-19.0
-2.27104	0.243548	54	89	-21.0
-2.15937	0.234263	56	89	-20.0
-2.02455	0.226453	59	89	-21.0
-1.89075	0.220968	62	89	-24.0
-1.78027	0.240208	64	89	-23.0
-1.66023	0.239669	66	89	-24.0
-1.54587	0.219265	69	89	-26.0
-1.43222	0.221055	71	89	-26.0
-1.31994	0.208402	73	89	-28.0
-1.18704	0.213487	76	89	-28.0
-1.075	0.228908	78	89	-30.0
-0.962314	0.234998	80	89	-30.0
-0.846672	0.211275	83	89	-29.0
-0.806031	0.31843	83	87	-30.0
-0.791619	0.44488	84	85	-32.0
-0.772168	0.582067	84	82	-32.0
-0.803737	0.742926	83	79	-29.0
-0.880756	0.791267	82	78	-30.0
-0.994308	0.78654	80	78	-28.0
-1.10248	0.750548	77	78	-29.0
-1.22051	0.708961	75	79	-30.0
-1.3426	0.701349	73	79	-25.0
-1.46331	0.735327	70	79	-25.0
-1.56882	0.757124	68	78	-24.0
-1.68705	0.783908	66	78	-25.0
-1.8046	0.801077	63	77	-24.0
-1.90661	0.793541	61	78	-23.0
-2.03841	0.805651	59	77	-23.0
-2.1566	0.802554	56	77	-21.0
-2.27969	0.819787	54	77	-24.0
-2.41294	0.841551	51	77	-22.0
-2.54495	0.841726	49	77	-21.0
-2.68354	0.838593	46	77	-24.0
-2.80178	0.842544	43	77	-25.0
-2.93482	0.8387	41	77	-24.0
-3.05301	0.799973	38	78	-27.0
-3.18472	0.804867	36	77	-26.0
-3.30065	0.845905	33	77	-24.0
-3.42216	0.847811	31	77	-27.0
-3.52985	0.808863	29	77	-27.0
-3.64877	0.820512	27	77	-26.0
-3.76273	0.83294	24	77	-26.0
-3.90979	0.855494	21	76	-29.0
-4.03633	0.871632	19	76	-28.0
-4.15739	0.876456	16	76	-30.0
-4.27688	0.885515	14	76	-32.0
-4.40147	0.886463	11	76	-35.0
-4.53013	0.883285	9	76	-36.0
-4.64431	0.883065	7	76	-40.0
-4.68404	1.00488	6	73	-33.0
-4.6905	1.12421	6	71	-32.0
-4.70669	1.26899	5	68	-32.0
-4.7023	1.38015	5	66	-31.0
-4.57	1.38427	8	66	-30.0
-4.44494	1.36972	11	66	-28.0
-4.32176	1.34809	13	67	-32.0
-4.18309	1.33273	16	67	-28.0
-4.05002	1.33406	18	67	-30.0
-3.93764	1.32581	21	67	-27.0
-3.80726	1.32676	23	67	-26.0
-3.67446	1.33061	26	67	-25.0
-3.53962	1.3365	29	67	-25.0
-3.4064	1.34053	31	67	-27.0
-3.27995	1.35185	34	66	-25.0
-3.17362	1.34853	36	67	-25.0
-3.04376	1.33511	39	67	-26.0
-2.92792	1.31578	41	67	-25.0
-2.80369	1.29219	43	68	-21.0
-2.67436	1.286	46	68	-24.0
-2.56098	1.28419	48	68	-25.0
-2.43389	1.29395	51	68	-33.0
-2.30166	1.28794	53	68	-28.0
-2.18809	1.2832	56	68	-26.0
-2.07587	1.26747	58	68	-24.0
-1.93843	1.2448	61	69	-26.0
-1.81241	1.23235	63	69	-27.0
-1.69475	1.23835	66	69	-27.0
-1.58191	1.22527	68	69	-26.0
-1.46762	1.21296	70	69	-28.0
-1.36095	1.20693	72	69	-28.0
-1.22794	1.20359	75	69	-29.0
-1.09562	1.20961	78	69	-29.0
-0.959626	1.196	80	70	-31.0
-0.834979	1.17664	83	70	-31.0
-0.819868	1.28683	83	68	-31.0
-0.804652	1.39904	83	66	-31.0
-0.771723	1.51175	84	63	-30.0
-0.7572	1.62393	84	61	-32.0
-0.766048	1.75985	84	58	-26.0
-0.82191	1.69436	83	60	-29.0
-0.936274	1.69016	81	60	-28.0
-1.0821	1.73371	78	59	-28.0
-1.18829	1.78215	76	58	-26.0
-1.2951	1.78824	74	58	-28.0
-1.42158	1.80231	71	57	-28.0
-1.56145	1.80947	68	57	-26.0
-1.72077	1.83816	65	57	-24.0
-1.83277	1.85211	63	56	-26.0
-1.97764	1.84782	60	57	-30.0
-2.11105	1.84805	57	57	-26.0
-2.22535	1.84984	55	57	-24.0
-2.33832	1.85537	53	56	-23.0
-2.4788	1.86665	50	56	-24.0
-2.592	1.86932	48	56	-23.0
-2.7087	1.86781	45	56	-25.0
-2.82522	1.86827	43	56	-28.0
-2.93832	1.8716	41	56	-27.0
-3.06324	1.88664	38	56	-27.0
-3.1964	1.89433	36	56	-29.0
-3.34361	1.89784	33	56	-31.0
-3.44998	1.90628	31	55	-30.0
-3.56325	1.92313	28	55	-29.0
-3.69635	1.92612	26	55	-27.0
-3.82744	1.91478	23	55	-31.0
-3.94089	1.90467	21	55	-30.0
-4.05299	1.89062	18	56	-31.0
-4.15966	1.88193	16	56	-31.0
-4.27303	1.87709	14	56	-32.0
-4.37913	1.8741	12	56	-33.0
-4.49327	1.9133	10	55	-33.0
-4.60011	1.95674	7	54	-33.0
-4.6291	2.07525	7	52	-34.0
-4.62122	2.1924	7	50	-35.0
-4.60419	2.30695	7	47	-35.0
-4.60357	2.42389	7	45	-34.0
-4.58436	2.53514	8	43	-33.0
-4.45283	2.51625	10	43	-34.0
-4.34493	2.51282	13	43	-30.0
-4.23267	2.49296	15	44	-31.0
-4.11046	2.48421	17	44	-31.0
-3.99734	2.47407	20	44	-29.0
-3.8823	2.45576	22	44	-28.0
-3.76401	2.4363	24	45	-29.0
-3.62403	2.41179	27	45	-30.0
-3.51082	2.39389	29	46	-28.0
-3.3917	2.37181	32	46	-28.0
-3.27408	2.36065	34	46	-30.0
-3.16805	2.35129	36	46	-30.0
-3.02744	2.34061	39	47	-27.0
-2.91666	2.33529	41	47	-26.0
-2.80403	2.3215	43	47	-24.0
-2.67207	2.31032	46	47	-25.0
-2.54016	2.29048	49	48	-25.0
-2.40787	2.28197	51	48	-26.0
-2.28223	2.26837	54	48	-31.0
-2.15445	2.27137	56	48	-33.0
-2.01628	2.25388	59	48	-31.0
-1.88716	2.24067	62	49	-27.0
-1.74833	2.22492	65	49	-25.0
-1.62459	2.21609	67	49	-29.0
-1.51531	2.20905	69	49	-32.0
-1.38109	2.22584	72	49	-31.0
-1.24809	2.22496	75	49	-29.0
-1.12668	2.22986	77	49	-29.0
-0.986132	2.2321	80	49	-29.0
-0.870753	2.23019	82	49	-30.0
-1.00288	2.25062	79	48	-31.0
-1.13656	2.27164	77	48	-32.0
-1.24214	2.27996	75	48	-30.0
-1.35771	2.27978	72	48	-31.0
-1.4732	2.29019	70	48	-32.0
-1.58281	2.30124	68	47	-30.0
-1.69013	2.2994	66	48	-29.0
-1.79228	2.29713	64	48	-27.0
-1.89768	2.31241	62	47	-26.0
-2.01557	2.37681	59	46	-31.0
-2.09599	2.47712	58	44	-32.0
-2.12544	2.58068	57	42	-32.0
-2.13254	2.7029	57	39	-31.0
-2.16451	2.81078	56	37	-30.0
-2.23604	2.91619	55	35	-31.0
-2.32049	2.97992	53	34	-26.0
-2.42274	3.02031	51	33	-26.0
-2.56018	3.02975	48	33	-27.0
-2.69002	2.98979	46	34	-27.0
-2.77995	2.9107	44	35	-28.0
-2.87208	2.82433	42	37	-28.0
-2.99236	2.8564	40	36	-34.0
-3.10532	2.89643	37	36	-30.0
-3.21487	2.91616	35	35	-31.0
-3.31541	2.93649	33	35	-30.0
-3.42011	2.96239	31	34	-30.0
-3.53901	2.98959	29	34	-29.0
-3.66392	3.00374	26	33	-30.0
-3.78334	3.01229	24	33	-31.0
-3.89074	3.01656	22	33	-31.0
-4.00464	3.00779	19	33	-31.0
-4.12587	3.00752	17	33	-29.0
-4.25821	2.98935	14	34	-32.0
-4.36804	2.9893	12	34	-31.0
-4.50655	2.95821	9	34	-32.0
-4.61088	2.92895	7	35	-31.0
-4.59584	3.07263	8	32	-34.0
-4.59353	3.18682	8	30	-36.0
-4.58994	3.29771	8	28	-34.0
-4.54516	3.39456	9	26	-35.0
-4.4432	3.4277	11	25	-31.0
-4.33577	3.43822	13	25	-31.0
-4.22346	3.43432	15	25	-31.0
-4.10794	3.42888	17	25	-30.0
-3.98569	3.42789	20	25	-34.0
-3.87473	3.40987	22	25	-37.0
-3.74757	3.39674	25	26	-38.0
-3.60203	3.41905	27	25	-34.0
-3.48993	3.4229	30	25	-32.0
-3.37374	3.42578	32	25	-31.0
-3.25398	3.43229	34	25	-32.0
-3.1383	3.423	37	25	-31.0
-3.02159	3.40621	39	25	-31.0
-2.88855	3.3884	42	26	-28.0
-2.77984	3.3855	44	26	-28.0
-2.65786	3.37891	46	26	-28.0
-2.55167	3.37455	48	26	-28.0
-2.44351	3.37006	51	26	-28.0
-2.32694	3.36488	53	26	-25.0
-2.18921	3.35547	56	26	-29.0
-2.07798	3.34427	58	27	-31.0
-1.9618	3.33103	60	27	-33.0
-1.84003	3.32027	63	27	-32.0
-1.71886	3.30796	65	27	-33.0
-1.59984	3.30022	68	27	-30.0
-1.47209	3.30764	70	27	-29.0
-1.34636	3.30253	73	27	-29.0
-1.23806	3.3141	75	27	-32.0
-1.11176	3.3066	77	27	-33.0
-0.991164	3.2955	80	28	-34.0
-0.877748	3.28997	82	28	-32.0
-0.751658	3.29397	84	28	-31.0
-0.670833	3.35663	86	26	-35.0
-0.671135	3.46732	86	24	-35.0
-0.668126	3.59426	86	22	-36.0
-0.648262	3.69905	87	20	-36.0
-0.78212	3.69747	84	20	-34.0
-0.89691	3.7044	82	19	-31.0
-1.00272	3.71557	79	19	-28.0
-1.12878	3.72583	77	19	-28.0
-1.23336	3.74786	75	19	-29.0
-1.34575	3.76375	73	18	-32.0
-1.47136	3.78291	70	18	-35.0
-1.57803	3.79869	68	18	-30.0
-1.7105	3.81552	65	17	-34.0
-1.82462	3.83071	63	17	-39.0
-1.93735	3.8405	61	17	-30.0
-2.05365	3.84631	58	17	-32.0
-2.16649	3.85182	56	16	-25.0
-2.28649	3.85822	54	16	-27.0
-2.41908	3.86595	51	16	-25.0
-2.5421	3.87591	49	16	-29.0
-2.65574	3.88692	46	16	-30.0
-2.78855	3.89637	44	16	-31.0
-2.90318	3.89345	41	16	-31.0
-3.01632	3.89967	39	16	-33.0
-3.1298	3.90174	37	15	-32.0
-3.25712	3.90311	34	15	-35.0
-3.38414	3.89687	32	16	-33.0
-3.51014	3.8925	29	16	-33.0
-3.62046	3.88149	27	16	-32.0
-3.73388	3.87711	25	16	-34.0
-3.84269	3.87421	23	16	-35.0
-3.96166	3.87393	20	16	-33.0
-4.07034	3.88797	18	16	-32.0
-4.25135	3.92064	14	15	-36.0
-4.36436	3.97656	12	14	-38.0
-4.5718	3.98049	8	14	-36.0
-4.64332	4.06903	7	12	-38.0
-4.65853	4.18377	6	10	-38.0
-4.62943	4.30862	7	7	-40.0
-4.56045	4.40726	8	5	-34.0
-4.4425	4.44654	11	5	-33.0
-4.30908	4.46008	13	4	-32.0
-4.19012	4.44015	16	5	-32.0
-4.08318	4.43235	18	5	-31.0
-3.9607	4.42599	20	5	-32.0
-3.84782	4.41706	23	5	-33.0
-3.71037	4.39862	25	6	-32.0
-3.59995	4.37575	28	6	-35.0
-3.49168	4.35242	30	6	-35.0
-3.35851	4.32606	32	7	-33.0
-3.24753	4.30903	35	7	-34.0
-3.09928	4.29934	38	8	-32.0
-2.97269	4.29775	40	8	-32.0
-2.85918	4.29492	42	8	-30.0
-2.74636	4.28797	45	8	-30.0
-2.63165	4.28624	47	8	-30.0
-2.51876	4.2764	49	8	-28.0
-2.39037	4.26907	52	8	-29.0
-2.27111	4.25645	54	8	-29.0
-2.14585	4.25112	57	8	-31.0
-2.00704	4.23708	59	9	-32.0
-1.88849	4.23964	62	9	-35.0
-1.76898	4.23136	64	9	-34.0
-1.6552	4.22801	66	9	-33.0
-1.53472	4.22813	69	9	-32.0
-1.42139	4.22855	71	9	-31.0
-1.30774	4.23307	73	9	-31.0
-1.20102	4.22981	75	9	-32.0
-1.0675	4.23093	78	9	-31.0
-0.941479	4.2226	81	9	-32.0
-0.815999	4.20703	83	9	-33.0
