-1.79689	0.490172	64	84	-39.0
-1.66985	0.465045	66	84	-39.0
-1.54222	0.429896	69	85	-36.0
-1.45954	0.344811	70	87	-40.0
-1.37436	0.250221	72	88	-40.0
-1.28195	0.153839	74	90	-41.0
-1.21053	0.0663206	75	92	-41.0
-1.13382	-0.0396964	77	94	-47.0
-1.0461	-0.149733	79	96	-41.0
-0.96717	-0.256873	80	99	-39.0
-0.889489	-0.325448	82	100	-40.0
-0.852635	-0.436519	82	102	-44.0
-0.842831	-0.554217	83	105	-41.0
-0.836203	-0.680954	83	107	-43.0
-0.831088	-0.791792	83	109	-42.0
-0.924821	-0.756367	81	109	-38.0
-1.04462	-0.75844	79	109	-39.0
-1.16469	-0.755529	76	109	-38.0
-1.27967	-0.747374	74	108	-40.0
-1.41648	-0.737015	71	108	-40.0
-1.54955	-0.732625	69	108	-36.0
-1.66764	-0.722348	66	108	-36.0
-1.78225	-0.718288	64	108	-39.0
-1.90135	-0.710176	61	108	-40.0
-2.02559	-0.706705	59	108	-40.0
-2.15011	-0.700245	56	108	-39.0
-2.26361	-0.701666	54	108	-38.0
-2.38407	-0.699268	52	107	-36.0
-2.50289	-0.695718	49	107	-36.0
-2.61461	-0.689531	47	107	-35.0
-2.73973	-0.685957	45	107	-38.0
-2.86661	-0.685361	42	107	-38.0
-2.98528	-0.6835	40	107	-37.0
-3.11894	-0.69065	37	107	-38.0
-3.23238	-0.687231	35	107	-39.0
-3.35965	-0.683993	32	107	-39.0
-3.46462	-0.694682	30	107	-35.0
-3.60456	-0.689264	27	107	-40.0
-3.71021	-0.68879	25	107	-42.0
-3.85685	-0.678349	22	107	-43.0
-3.96753	-0.681389	20	107	-44.0
-4.09503	-0.669934	18	107	-42.0
-4.20485	-0.662221	15	107	-42.0
-4.32963	-0.654776	13	107	-44.0
-4.44163	-0.657613	11	107	-45.0
-4.55223	-0.683585	8	107	-43.0
-4.44313	-0.671714	11	107	-44.0
-4.33087	-0.663034	13	107	-43.0
-4.20268	-0.672946	15	107	-44.0
-4.09678	-0.680981	18	107	-44.0
-3.98803	-0.68731	20	107	-45.0
-3.86341	-0.696634	22	107	-41.0
-3.74663	-0.704079	25	108	-43.0
-3.62685	-0.708824	27	108	-40.0
-3.51401	-0.713627	29	108	-33.0
-3.40433	-0.718056	31	108	-39.0
-3.28969	-0.724007	34	108	-39.0
-3.2291	-0.676714	35	107	-38.0
-3.239	-0.555093	35	105	-38.0
-3.24714	-0.454383	35	103	-38.0
-3.25409	-0.344698	34	100	-39.0
-3.19097	-0.281688	36	99	-35.0
-3.08165	-0.289725	38	99	-34.0
-2.95411	-0.290261	40	99	-32.0
-2.83581	-0.284842	43	99	-38.0
-2.71854	-0.28507	45	99	-34.0
-2.6066	-0.278965	47	99	-32.0
-2.49372	-0.277665	50	99	-34.0
-2.38261	-0.276029	52	99	-38.0
-2.25992	-0.265042	54	99	-37.0
-2.14399	-0.261469	57	99	-35.0
-2.02347	-0.247945	59	98	-36.0
-1.91047	-0.245571	61	98	-35.0
-1.79817	-0.250017	64	99	-38.0
-1.67571	-0.269435	66	99	-40.0
-1.5457	-0.291625	69	99	-41.0
-1.42639	-0.290199	71	99	-39.0
-1.29781	-0.295465	74	99	-40.0
-1.1618	-0.296007	76	99	-40.0
-1.04816	-0.299358	79	99	-38.0
-0.938297	-0.302408	81	100	-36.0
-0.900085	-0.220044	81	98	-39.0
-0.914246	-0.109892	81	96	-39.0
-0.908093	-0.00351237	81	94	-38.0
-0.866078	0.100808	82	91	-38.0
-0.817699	0.212453	83	89	-38.0
-0.778932	0.356501	84	86	-39.0
-0.761244	0.340306	84	87	-42.0
-0.756234	0.229407	84	89	-38.0
-0.812509	0.188524	83	90	-38.0
-0.950978	0.214066	80	89	-36.0
-1.06184	0.237108	78	89	-38.0
-1.17674	0.251326	76	88	-38.0
-1.29363	0.255641	74	88	-36.0
-1.42858	0.271072	71	88	-37.0
-1.57544	0.276829	68	88	-36.0
-1.68459	0.298079	66	88	-38.0
-1.8055	0.306181	63	87	-34.0
-1.93802	0.30797	61	87	-34.0
-2.04459	0.305941	59	87	-33.0
-2.15789	0.312858	56	87	-37.0
-2.27527	0.326886	54	87	-34.0
-2.38834	0.331901	52	87	-35.0
-2.50151	0.336531	49	87	-35.0
-2.61961	0.327242	47	87	-34.0
-2.75304	0.330325	44	87	-34.0
-2.86434	0.333011	42	87	-34.0
-2.99145	0.335761	40	87	-36.0
-3.10585	0.341048	37	87	-34.0
-3.22094	0.332865	35	87	-35.0
-3.34761	0.337749	33	87	-34.0
-3.46828	0.353944	30	86	-33.0
-3.59473	0.358153	28	86	-33.0
-3.72313	0.351329	25	86	-32.0
-3.83638	0.352881	23	86	-34.0
-3.94976	0.353918	21	86	-33.0
-4.05857	0.351629	18	86	-35.0
-4.19189	0.350434	16	86	-38.0
-4.32638	0.359052	13	86	-31.0
-4.44371	0.362246	11	86	-30.0
-4.54594	0.384404	9	86	-32.0
-4.63503	0.443487	7	85	-36.0
-4.65292	0.543153	6	83	-36.0
-4.65529	0.644263	6	81	-34.0
-4.63834	0.758552	7	78	-40.0
-4.58727	0.832159	8	77	-35.0
-4.47091	0.844371	10	77	-31.0
-4.35428	0.846498	12	77	-32.0
-4.22546	0.853776	15	76	-31.0
-4.09433	0.86156	18	76	-32.0
-3.98284	0.869519	20	76	-31.0
-3.84555	0.859387	23	76	-30.0
-3.71806	0.846678	25	77	-31.0
-3.57123	0.837586	28	77	-32.0
-3.4447	0.819824	31	77	-33.0
-3.30455	0.809912	33	77	-34.0
-3.18183	0.818279	36	77	-32.0
-3.05522	0.8115	38	77	-33.0
-2.92046	0.804046	41	77	-33.0
-2.81097	0.798867	43	78	-34.0
-2.69714	0.79169	46	78	-34.0
-2.5528	0.782654	48	78	-35.0
-2.41953	0.766374	51	78	-35.0
-2.28851	0.752817	54	78	-34.0
-2.17579	0.740007	56	79	-35.0
-2.06526	0.734174	58	79	-35.0
-1.91925	0.720979	61	79	-39.0
-1.80882	0.724488	63	79	-34.0
-1.69998	0.724016	66	79	-36.0
-1.58625	0.723812	68	79	-36.0
-1.45862	0.723911	70	79	-37.0
-1.32915	0.716127	73	79	-36.0
-1.19691	0.716681	76	79	-35.0
-1.08304	0.711574	78	79	-38.0
-0.972508	0.706363	80	79	-41.0
-0.862005	0.716909	82	79	-36.0
-0.812154	0.808275	83	77	-34.0
-0.788149	0.924308	84	75	-34.0
-0.762872	1.05008	84	72	-35.0
-0.74162	1.16093	85	70	-38.0
-0.760168	1.26562	84	68	-36.0
-0.856014	1.29921	82	68	-38.0
-0.98431	1.29866	80	68	-34.0
-1.10421	1.29094	77	68	-35.0
-1.23669	1.28217	75	68	-33.0
-1.3685	1.28013	72	68	-34.0
-1.47884	1.27176	70	68	-35.0
-1.59338	1.27514	68	68	-34.0
-1.72094	1.286	65	68	-34.0
-1.85496	1.29772	62	68	-34.0
-1.98681	1.3058	60	67	-33.0
-2.09226	1.31106	58	67	-31.0
-2.22526	1.32053	55	67	-31.0
-2.33043	1.32749	53	67	-32.0
-2.46324	1.33652	50	67	-33.0
-2.59178	1.34088	48	67	-35.0
-2.73137	1.34949	45	67	-32.0
-2.84228	1.36292	43	66	-32.0
-2.95503	1.36986	40	66	-32.0
-3.06815	1.37949	38	66	-32.0
-3.20817	1.38852	35	66	-31.0
-3.34687	1.39509	33	66	-31.0
-3.45599	1.40089	30	65	-31.0
-3.57571	1.4072	28	65	-31.0
-3.70311	1.41378	25	65	-31.0
-3.81596	1.419	23	65	-33.0
-3.94666	1.42057	21	65	-33.0
-4.06072	1.42478	18	65	-32.0
-4.18259	1.42615	16	65	-32.0
-4.29024	1.42722	14	65	-34.0
-4.3957	1.43058	12	65	-35.0
-4.51119	1.41899	9	65	-33.0
-4.52906	1.54505	9	63	-33.0
-4.54689	1.67135	9	60	-31.0
-4.58228	1.79251	8	58	-32.0
-4.52551	1.87956	9	56	-32.0
-4.41933	1.91384	11	55	-31.0
-4.2966	1.93232	14	55	-30.0
-4.18135	1.92017	16	55	-29.0
-4.0593	1.91849	18	55	-30.0
-3.92833	1.90838	21	55	-30.0
-3.81436	1.90526	23	55	-29.0
-3.70305	1.89193	25	56	-27.0
-3.58903	1.8874	28	56	-29.0
-3.47542	1.88348	30	56	-27.0
-3.35675	1.88636	32	56	-28.0
-3.22964	1.88222	35	56	-30.0
-3.09345	1.87633	38	56	-31.0
-2.97389	1.85029	40	56	-32.0
-2.85667	1.83273	42	57	-32.0
-2.75375	1.82419	44	57	-33.0
-2.63221	1.80191	47	57	-31.0
-2.51502	1.78837	49	58	-31.0
-2.38912	1.77433	52	58	-31.0
-2.2843	1.7587	54	58	-33.0
-2.15843	1.74666	56	59	-32.0
-2.05142	1.73653	58	59	-31.0
-1.91703	1.72478	61	59	-32.0
-1.77751	1.71388	64	59	-35.0
-1.65787	1.70637	66	59	-34.0
-1.53099	1.69737	69	60	-34.0
-1.41479	1.69535	71	60	-34.0
-1.30143	1.68839	73	60	-34.0
-1.18845	1.68198	76	60	-35.0
-1.06196	1.67926	78	60	-34.0
-0.935316	1.67301	81	60	-36.0
-0.828021	1.68493	83	60	-34.0
-0.759797	1.76148	84	58	-32.0
-0.720758	1.86899	85	56	-32.0
-0.677385	1.99492	86	54	-31.0
-0.656866	2.12393	86	51	-31.0
-0.697607	2.22341	86	49	-30.0
-0.808881	2.21576	83	49	-33.0
-0.922927	2.2097	81	49	-31.0
-1.02471	2.22109	79	49	-32.0
-1.15802	2.22695	76	49	-31.0
-1.27198	2.23091	74	49	-30.0
-1.37977	2.25792	72	48	-29.0
-1.49437	2.2646	70	48	-31.0
-1.61466	2.27666	67	48	-31.0
-1.74601	2.28887	65	48	-32.0
-1.87527	2.29462	62	48	-29.0
-2.00503	2.29738	59	48	-29.0
-2.12675	2.29503	57	48	-30.0
-2.24544	2.30094	55	47	-29.0
-2.36055	2.30471	52	47	-28.0
-2.48782	2.31401	50	47	-28.0
-2.62337	2.31808	47	47	-30.0
-2.72999	2.32479	45	47	-31.0
-2.84646	2.32958	43	47	-30.0
-2.96089	2.33538	40	47	-30.0
-3.07391	2.34077	38	47	-28.0
-3.19344	2.35761	36	46	-28.0
-3.31869	2.36736	33	46	-29.0
-3.42268	2.37117	31	46	-28.0
-3.53879	2.3792	29	46	-28.0
-3.66483	2.38055	26	46	-29.0
-3.76882	2.35232	24	46	-29.0
-3.88869	2.35952	22	46	-30.0
-4.02094	2.35782	19	46	-29.0
-4.12843	2.36313	17	46	-29.0
-4.24726	2.36089	15	46	-29.0
-4.36015	2.36453	12	46	-30.0
-4.48297	2.38847	10	46	-27.0
-4.4892	2.38324	10	46	-27.0
-4.54433	2.48908	9	44	-27.0
-4.59138	2.60677	8	41	-27.0
-4.61644	2.71664	7	39	-27.0
-4.67717	2.855	6	36	-28.0
-4.66053	2.96908	6	34	-27.0
-4.56244	2.92758	8	35	-28.0
-4.45306	2.92786	10	35	-26.0
-4.34602	2.9226	13	35	-26.0
-4.23326	2.91569	15	35	-24.0
-4.10007	2.91195	17	35	-23.0
-3.992	2.89479	20	36	-24.0
-3.88795	2.89036	22	36	-23.0
-3.77105	2.88727	24	36	-24.0
-3.66509	2.87748	26	36	-24.0
-3.55869	2.86737	28	36	-24.0
-3.44299	2.85624	31	36	-24.0
-3.3203	2.84726	33	37	-24.0
-3.1929	2.82948	36	37	-25.0
-3.07883	2.82143	38	37	-26.0
-2.96097	2.80853	40	37	-27.0
-2.83164	2.79974	43	38	-28.0
-2.69866	2.80052	46	37	-28.0
-2.57851	2.79359	48	38	-28.0
-2.45691	2.78688	50	38	-29.0
-2.33552	2.7806	53	38	-29.0
-2.22207	2.77525	55	38	-29.0
-2.19048	2.88639	56	36	-28.0
-2.18845	3.01376	56	33	-27.0
-2.16731	3.12738	56	31	-25.0
-2.13864	3.25096	57	28	-25.0
-2.11345	3.37726	57	26	-27.0
-2.2346	3.3986	55	26	-26.0
-2.34073	3.39483	53	26	-27.0
-2.45194	3.39098	50	26	-25.0
-2.59188	3.39557	48	26	-24.0
-2.72515	3.39779	45	26	-26.0
-2.85825	3.40371	42	25	-25.0
-2.97443	3.40715	40	25	-27.0
-3.07895	3.40042	38	25	-27.0
-3.20588	3.40237	35	25	-24.0
-3.31903	3.40357	33	25	-25.0
-3.43688	3.41243	31	25	-26.0
-3.55044	3.41325	28	25	-26.0
-3.67276	3.40456	26	25	-26.0
-3.79127	3.40616	24	25	-26.0
-3.92563	3.40902	21	25	-26.0
-4.05963	3.42144	18	25	-27.0
-4.19977	3.42432	16	25	-27.0
-4.33252	3.43276	13	25	-28.0
-4.44001	3.43408	11	25	-27.0
-4.5435	3.44734	9	25	-27.0
-4.4745	3.39401	10	26	-28.0
-4.35683	3.43702	12	25	-28.0
-4.2457	3.45816	15	24	-27.0
-4.11473	3.45306	17	24	-25.0
-3.97851	3.44346	20	25	-25.0
-3.84938	3.43858	23	25	-25.0
-3.71121	3.42561	25	25	-24.0
-3.57923	3.4221	28	25	-22.0
-3.44677	3.41028	31	25	-23.0
-3.3198	3.40221	33	25	-23.0
-3.18915	3.39797	36	26	-25.0
-3.05841	3.39966	38	26	-26.0
-2.94249	3.40612	41	25	-26.0
-2.80842	3.40836	43	25	-25.0
-2.69042	3.40888	46	25	-27.0
-2.56332	3.41125	48	25	-27.0
-2.44734	3.41533	51	25	-28.0
-2.34167	3.42086	53	25	-27.0
-2.2281	3.41632	55	25	-28.0
-2.12399	3.39828	57	26	-31.0
-2.00287	3.37406	59	26	-30.0
-1.88263	3.35279	62	26	-30.0
-1.7735	3.34332	64	27	-31.0
-1.66171	3.33393	66	27	-31.0
-1.54177	3.32785	69	27	-32.0
-1.42813	3.32233	71	27	-32.0
-1.31478	3.31731	73	27	-32.0
-1.18773	3.3243	76	27	-33.0
-1.07411	3.32069	78	27	-35.0
-0.95709	3.3384	80	27	-35.0
-0.807162	3.33615	83	27	-35.0
-0.706436	3.38279	85	26	-29.0
-0.67872	3.50675	86	23	-29.0
-0.6513	3.63096	86	21	-27.0
-0.621972	3.73777	87	19	-29.0
-0.660807	3.83507	86	17	-29.0
-0.788446	3.84235	84	17	-30.0
-0.914762	3.84503	81	17	-32.0
-1.02109	3.8365	79	17	-32.0
-1.15381	3.81734	76	17	-30.0
-1.27086	3.79947	74	18	-30.0
-1.39215	3.78778	72	18	-28.0
-1.51814	3.79034	69	18	-31.0
-1.62992	3.78892	67	18	-31.0
-1.74319	3.79131	65	18	-30.0
-1.8714	3.79352	62	18	-30.0
-2.0038	3.79884	59	18	-28.0
-2.12091	3.80261	57	17	-27.0
-2.2571	3.80565	54	17	-24.0
-2.39081	3.81061	52	17	-26.0
-2.51563	3.81327	49	17	-23.0
-2.62876	3.81674	47	17	-20.0
-2.75158	3.82954	44	17	-21.0
-2.87802	3.83407	42	17	-21.0
-2.99237	3.8387	40	17	-20.0
-3.10256	3.84991	37	17	-20.0
-3.21476	3.85837	35	16	-21.0
-3.32545	3.87575	33	16	-22.0
-3.45337	3.8939	30	16	-23.0
-3.57934	3.90401	28	15	-35.0
-3.69453	3.91052	26	15	-26.0
-3.82078	3.92014	23	15	-26.0
-3.93408	3.91141	21	15	-29.0
-4.06044	3.91993	18	15	-26.0
-4.18837	3.92378	16	15	-30.0
-4.31324	3.92869	13	15	-27.0
-4.42523	3.93958	11	15	-28.0
-4.52255	3.96513	9	14	-20.0
-4.57733	4.07455	8	12	-26.0
-4.6261	4.18424	7	10	-24.0
-4.63414	4.30968	7	7	-24.0
-4.60399	4.41094	7	5	-22.0
-4.47986	4.37201	10	6	-26.0
-4.37764	4.3761	12	6	-25.0
-4.24686	4.37102	15	6	-24.0
-4.13236	4.36259	17	6	-25.0
-4.02853	4.34993	19	7	-29.0
-3.8818	4.32566	22	7	-21.0
-3.7494	4.30967	25	7	-20.0
-3.69817	4.23289	26	9	-21.0
-3.68575	4.12222	26	11	-26.0
-3.66848	4.00932	26	13	-25.0
-3.59164	3.92051	28	15	-20.0
-3.48566	3.87982	30	16	-22.0
-3.35302	3.83369	32	17	-23.0
-3.22956	3.8052	35	17	-22.0
-3.09751	3.79811	38	18	-21.0
-2.96853	3.79243	40	18	-23.0
-2.84249	3.78673	43	18	-26.0
-2.71729	3.78038	45	18	-26.0
-2.68586	3.87929	46	16	-20.0
-2.66361	4.01147	46	13	-17.0
-2.64962	4.11553	47	11	-16.0
-2.61376	4.22589	47	9	-17.0
-2.5528	4.32859	48	7	-22.0
-2.41905	4.3398	51	7	-29.0
-2.27776	4.34259	54	7	-29.0
-2.16699	4.3266	56	7	-29.0
-2.05499	4.31097	58	7	-28.0
-1.93855	4.29971	61	8	-27.0
-1.81777	4.28087	63	8	-30.0
-1.70587	4.27489	65	8	-30.0
-1.59269	4.26082	68	8	-32.0
-1.47018	4.24495	70	9	-27.0
-1.33857	4.22713	73	9	-28.0
-1.22219	4.21154	75	9	-30.0
-1.10907	4.20253	77	9	-30.0
-0.982208	4.199	80	10	-30.0
-0.855544	4.1904	82	10	-33.0
-0.72808	4.16144	85	10	-31.0
-0.606822	4.15294	87	10	-35.0
