-3.60231	1.9018	27	55	-23.0
-3.56612	1.80323	28	57	-34.0
-3.51836	1.7008	29	59	-34.0
-3.47588	1.59232	30	62	-34.0
-3.43572	1.49114	31	64	-27.0
-3.38855	1.36986	32	66	-27.0
-3.33845	1.24632	33	69	-30.0
-3.30267	1.14337	33	71	-30.0
-3.28603	0.990055	34	74	-30.0
-3.28589	0.887945	34	76	-30.0
-3.28603	0.760734	34	78	-30.0
-3.27491	0.636149	34	81	-30.0
-3.27462	0.535407	34	83	-30.0
-3.27389	0.410019	34	85	-30.0
-3.27885	0.243695	34	89	-28.0
-3.27803	0.118879	34	91	-25.0
-3.27611	-0.0132261	34	94	-25.0
-3.27499	-0.113915	34	96	-25.0
-3.27317	-0.231002	34	98	-27.0
-3.26159	-0.357247	34	101	-27.0
-3.2579	-0.482651	34	103	-27.0
-3.25382	-0.606816	34	106	-27.0
-3.28157	-0.620365	34	106	-27.0
-3.38607	-0.650056	32	107	-30.0
-3.52625	-0.702312	29	108	-30.0
-3.65252	-0.753206	26	109	-30.0
-3.78479	-0.769392	24	109	-37.0
-3.88827	-0.769883	22	109	-37.0
-4.00169	-0.732639	19	108	-35.0
-4.12515	-0.678314	17	107	-41.0
-4.29563	-0.671439	14	107	-39.0
-4.42143	-0.669501	11	107	-39.0
-4.55548	-0.673693	8	107	-39.0
-4.66478	-0.673658	6	107	-39.0
-4.77802	-0.676944	4	107	-41.0
-4.66732	-0.678103	6	107	-41.0
-4.5579	-0.679313	8	107	-41.0
-4.44736	-0.68085	11	107	-41.0
-4.32429	-0.67747	13	107	-41.0
-4.22239	-0.678775	15	107	-41.0
-4.09871	-0.680974	18	107	-40.0
-3.97434	-0.680358	20	107	-40.0
-3.86331	-0.68064	22	107	-40.0
-3.75372	-0.709296	24	108	-40.0
-3.62734	-0.714492	27	108	-40.0
-3.50996	-0.719615	29	108	-40.0
-3.38997	-0.723348	32	108	-40.0
-3.28451	-0.728421	34	108	-40.0
-3.1714	-0.734551	36	108	-40.0
-3.04773	-0.773744	39	109	-40.0
-2.93481	-0.782834	41	109	-34.0
-2.81597	-0.793775	43	109	-34.0
-2.70432	-0.802852	45	110	-34.0
-2.5803	-0.813228	48	110	-34.0
-2.46467	-0.821655	50	110	-34.0
-2.35884	-0.821099	52	110	-34.0
-2.24938	-0.820735	55	110	-34.0
-2.14267	-0.823054	57	110	-34.0
-2.02564	-0.823844	59	110	-34.0
-1.90979	-0.79654	61	109	-34.0
-1.78048	-0.796601	64	109	-34.0
-1.66278	-0.796895	66	109	-34.0
-1.53244	-0.845466	69	110	-34.0
-1.4166	-0.850233	71	111	-34.0
-1.29905	-0.840851	74	110	-34.0
-1.19421	-0.802042	76	110	-34.0
-1.0846	-0.802914	78	110	-34.0
-0.981434	-0.77475	80	109	-35.0
-0.921146	-0.76189	81	109	-35.0
-0.955257	-0.712867	80	108	-40.0
-0.9673	-0.616488	80	106	-40.0
-0.926797	-0.515764	81	104	-40.0
-0.88693	-0.41604	82	102	-40.0
-0.956482	-0.351693	80	101	-41.0
-1.06811	-0.335166	78	100	-41.0
-1.185	-0.318219	76	100	-41.0
-1.29282	-0.274485	74	99	-39.0
-1.42213	-0.255292	71	99	-39.0
-1.53291	-0.232864	69	98	-39.0
-1.64359	-0.220771	67	98	-39.0
-1.7521	-0.209203	64	98	-39.0
-1.85524	-0.190545	62	97	-39.0
-1.98229	-0.180738	60	97	-39.0
-2.09211	-0.172621	58	97	-39.0
-2.21415	-0.172037	55	97	-39.0
-2.32252	-0.166771	53	97	-39.0
-2.44118	-0.163289	51	97	-39.0
-2.57269	-0.161693	48	97	-34.0
-2.68127	-0.158591	46	97	-34.0
-2.78391	-0.158077	44	97	-34.0
-2.89532	-0.15649	42	97	-34.0
-3.01833	-0.155135	39	97	-34.0
-3.05114	-0.112092	38	96	-34.0
-3.049	-0.000647731	39	94	-34.0
-3.04709	0.128355	39	91	-34.0
-3.08534	0.23339	38	89	-31.0
-3.16133	0.310691	36	87	-31.0
-3.25503	0.354613	34	86	-27.0
-3.36775	0.367196	32	86	-27.0
-3.48327	0.343717	30	87	-27.0
-3.59345	0.321003	28	87	-27.0
-3.71757	0.312933	25	87	-27.0
-3.83092	0.288272	23	88	-27.0
-3.94959	0.279982	21	88	-28.0
-4.08561	0.277423	18	88	-28.0
-4.2204	0.275818	15	88	-28.0
-4.33313	0.270099	13	88	-28.0
-4.45878	0.266252	10	88	-28.0
-4.46152	0.26628	10	88	-28.0
-4.35099	0.271775	12	88	-28.0
-4.23384	0.277336	15	88	-28.0
-4.1281	0.282193	17	88	-28.0
-4.01504	0.321246	19	87	-28.0
-3.90058	0.32215	21	87	-28.0
-3.7803	0.322866	24	87	-26.0
-3.65609	0.324659	26	87	-26.0
-3.54236	0.325956	29	87	-26.0
-3.43804	0.327654	31	87	-26.0
-3.32096	0.325785	33	87	-32.0
-3.21279	0.323572	35	87	-32.0
-3.10263	0.32471	37	87	-30.0
-2.98845	0.322693	40	87	-30.0
-2.86898	0.320246	42	87	-31.0
-2.75305	0.313788	44	87	-31.0
-2.6449	0.311886	47	87	-31.0
-2.53668	0.309655	49	87	-31.0
-2.43151	0.298224	51	88	-31.0
-2.32354	0.293113	53	88	-36.0
-2.20017	0.29091	55	88	-36.0
-2.08889	0.28963	58	88	-36.0
-1.96977	0.284331	60	88	-36.0
-1.84606	0.245228	63	89	-36.0
-1.73252	0.236284	65	89	-36.0
-1.61307	0.226487	67	89	-36.0
-1.51152	0.214936	69	89	-36.0
-1.39229	0.20322	72	89	-36.0
-1.27846	0.20161	74	89	-36.0
-1.15978	0.188801	76	90	-41.0
-1.04631	0.176143	79	90	-41.0
-0.945379	0.242317	81	89	-40.0
-0.898868	0.32582	82	87	-40.0
-0.891806	0.442848	82	85	-40.0
-0.885472	0.553111	82	82	-40.0
-0.873053	0.679499	82	80	-40.0
-0.988045	0.711704	80	79	-38.0
-1.12104	0.719878	77	79	-38.0
-1.23748	0.723448	75	79	-38.0
-1.346	0.725428	73	79	-38.0
-1.47546	0.733551	70	79	-38.0
-1.5926	0.725459	68	79	-38.0
-1.70692	0.731656	65	79	-37.0
-1.85052	0.742368	62	79	-37.0
-1.95901	0.748994	60	79	-37.0
-2.08416	0.752939	58	78	-37.0
-2.22029	0.758166	55	78	-37.0
-2.32749	0.758386	53	78	-37.0
-2.43687	0.757915	51	78	-37.0
-2.54167	0.763012	49	78	-37.0
-2.65358	0.772454	46	78	-37.0
-2.76781	0.780983	44	78	-37.0
-2.87562	0.785593	42	78	-37.0
-2.98743	0.791266	40	78	-28.0
-3.10975	0.792501	37	78	-28.0
-3.22529	0.797708	35	78	-28.0
-3.33624	0.802325	33	77	-28.0
-3.44715	0.808141	31	77	-28.0
-3.55316	0.814297	28	77	-28.0
-3.65983	0.820135	26	77	-25.0
-3.77623	0.826617	24	77	-25.0
-3.88491	0.832133	22	77	-25.0
-4.01369	0.838182	19	77	-25.0
-4.12228	0.856351	17	76	-25.0
-4.2313	0.860657	15	76	-25.0
-4.34897	0.863413	13	76	-24.0
-4.46651	0.842019	10	77	-24.0
-4.50532	0.877727	9	76	-19.0
-4.50163	0.97844	9	74	-21.0
-4.57774	1.09052	8	72	-22.0
-4.63161	1.19475	7	70	-22.0
-4.67224	1.29613	6	68	-16.0
-4.67364	1.41931	6	65	-16.0
-4.67514	1.53406	6	63	-16.0
-4.67105	1.64335	6	61	-16.0
-4.67202	1.7611	6	58	-16.0
-4.57866	1.716	8	59	-22.0
-4.45131	1.69359	10	60	-22.0
-4.32683	1.70871	13	59	-22.0
-4.19905	1.71407	16	59	-22.0
-4.09155	1.69467	18	60	-22.0
-3.98625	1.63844	20	61	-23.0
-3.86235	1.56944	22	62	-23.0
-3.74882	1.52664	25	63	-23.0
-3.68356	1.42007	26	65	-23.0
-3.5676	1.37589	28	66	-23.0
-3.45118	1.33831	30	67	-23.0
-3.30936	1.30628	33	67	-23.0
-3.17934	1.29425	36	68	-34.0
-3.03005	1.29976	39	68	-34.0
-2.9065	1.30371	41	67	-34.0
-2.78333	1.30821	44	67	-34.0
-2.67346	1.3062	46	67	-34.0
-2.54641	1.30607	49	67	-37.0
-2.41805	1.30535	51	67	-37.0
-2.2917	1.30623	54	67	-37.0
-2.18164	1.30818	56	67	-37.0
-2.06539	1.29953	58	68	-37.0
-1.9226	1.30265	61	67	-37.0
-1.79895	1.3049	64	67	-44.0
-1.6929	1.30573	66	67	-44.0
-1.58414	1.30924	68	67	-44.0
-1.47523	1.31323	70	67	-44.0
-1.35177	1.28953	72	68	-44.0
-1.2366	1.29251	75	68	-44.0
-1.12087	1.29818	77	68	-44.0
-0.990129	1.30795	80	67	-44.0
-0.877129	1.31212	82	67	-44.0
-0.838761	1.42497	83	65	-36.0
-0.780916	1.52394	84	63	-36.0
-0.760438	1.6447	84	61	-29.0
-0.751158	1.75284	84	58	-29.0
-0.740132	1.88033	85	56	-29.0
-0.732401	1.99764	85	54	-36.0
-0.70746	1.87494	85	56	-36.0
-0.68484	1.76113	86	58	-36.0
-0.68589	1.79899	86	58	-36.0
-0.824137	1.82469	83	57	-36.0
-0.946233	1.84689	81	57	-36.0
-1.06974	1.85146	78	56	-35.0
-1.20819	1.85137	75	56	-35.0
-1.3269	1.84995	73	57	-35.0
-1.46079	1.84854	70	57	-35.0
-1.5764	1.8492	68	57	-35.0
-1.70528	1.84829	65	57	-35.0
-1.82418	1.84251	63	57	-35.0
-1.94284	1.83681	61	57	-35.0
-2.08669	1.84382	58	57	-35.0
-2.22709	1.84236	55	57	-35.0
-2.35249	1.83648	52	57	-35.0
-2.48738	1.86263	50	56	-35.0
-2.6198	1.8585	47	56	-28.0
-2.7432	1.85748	45	56	-28.0
-2.86673	1.8577	42	56	-28.0
-2.98419	1.85567	40	56	-28.0
-3.10106	1.85338	37	56	-28.0
-3.22235	1.86347	35	56	-28.0
-3.33927	1.86881	33	56	-28.0
-3.46398	1.87326	30	56	-24.0
-3.58525	1.87228	28	56	-24.0
-3.68738	1.87586	26	56	-24.0
-3.79989	1.87013	24	56	-24.0
-3.9172	1.8734	21	56	-24.0
-4.05225	1.87707	18	56	-24.0
-4.15869	1.88291	16	56	-24.0
-4.28089	1.88498	14	56	-24.0
-4.39864	1.887	12	56	-24.0
-4.51142	1.88896	9	56	-24.0
-4.59959	1.95823	8	54	-27.0
-4.61612	2.06523	7	52	-27.0
-4.63316	2.17269	7	50	-27.0
-4.65486	2.29788	6	48	-27.0
-4.61869	2.33441	7	47	-18.0
-4.50813	2.33051	9	47	-18.0
-4.37652	2.32639	12	47	-18.0
-4.25926	2.31283	14	47	-18.0
-4.15067	2.30949	16	47	-18.0
-4.04247	2.30651	19	47	-18.0
-3.90383	2.30409	21	47	-18.0
-3.79615	2.30234	24	47	-18.0
-3.6888	2.30093	26	47	-18.0
-3.57697	2.31057	28	47	-18.0
-3.46752	2.31046	30	47	-18.0
-3.35082	2.31037	32	47	-18.0
-3.22725	2.30956	35	47	-18.0
-3.09058	2.30772	38	47	-32.0
-2.96631	2.31689	40	47	-32.0
-2.86275	2.31634	42	47	-32.0
-2.73166	2.31614	45	47	-32.0
-2.59796	2.32472	48	47	-32.0
-2.48212	2.31805	50	47	-32.0
-2.36844	2.31647	52	47	-32.0
-2.24521	2.31049	55	47	-31.0
-2.13414	2.30507	57	47	-31.0
-2.00719	2.30582	59	47	-31.0
-1.8753	2.30079	62	47	-31.0
-1.75952	2.29935	64	48	-31.0
-1.6412	2.29846	67	48	-36.0
-1.52379	2.29619	69	48	-36.0
-1.39322	2.29584	72	48	-36.0
-1.27692	2.29512	74	48	-36.0
-1.15354	2.2947	76	48	-36.0
-1.03906	2.29666	79	48	-36.0
-1.03456	2.29671	79	48	-36.0
-0.910442	2.2973	81	48	-36.0
-1.02036	2.29665	79	48	-36.0
-1.13431	2.29629	77	48	-36.0
-1.24195	2.29632	75	48	-36.0
-1.36149	2.29693	72	48	-34.0
-1.4693	2.29795	70	48	-34.0
-1.58231	2.29841	68	48	-34.0
-1.69809	2.29785	66	48	-34.0
-1.81473	2.30373	63	47	-34.0
-1.93269	2.30017	61	47	-34.0
-2.06174	2.25354	58	48	-34.0
-2.15214	2.18701	56	50	-34.0
-2.2156	2.0928	55	52	-34.0
-2.22319	2.08818	55	52	-34.0
-2.19477	2.19315	56	50	-34.0
-2.17947	2.30214	56	47	-34.0
-2.16922	2.42558	56	45	-32.0
-2.16923	2.53138	56	43	-32.0
-2.18109	2.65648	56	40	-32.0
-2.2167	2.78977	55	38	-32.0
-2.29348	2.88568	54	36	-32.0
-2.38202	2.94461	52	35	-38.0
-2.49674	2.93678	50	35	-38.0
-2.64345	2.93619	47	35	-31.0
-2.77344	2.9255	44	35	-31.0
-2.88554	2.92517	42	35	-32.0
-2.98877	2.90754	40	35	-29.0
-3.10478	2.91014	37	35	-29.0
-3.22232	2.92144	35	35	-29.0
-3.33214	2.92341	33	35	-29.0
-3.44756	2.92497	31	35	-29.0
-3.55049	2.93292	28	35	-29.0
-3.67935	2.93137	26	35	-29.0
-3.78806	2.92941	24	35	-29.0
-3.92031	2.92884	21	35	-29.0
-4.02916	2.92549	19	35	-29.0
-4.13779	2.92172	17	35	-29.0
-4.25861	2.91513	14	35	-29.0
-4.37021	2.91424	12	35	-27.0
-4.48683	2.91084	10	35	-27.0
-4.57114	2.98369	8	34	-27.0
-4.63371	3.09006	7	32	-27.0
-4.65893	3.20684	6	29	-27.0
-4.63758	3.31096	7	27	-27.0
-4.58531	3.41135	8	25	-27.0
-4.4931	3.48645	10	24	-27.0
-4.3882	3.52016	12	23	-25.0
-4.26858	3.52521	14	23	-25.0
-4.14081	3.46951	17	24	-25.0
-4.03926	3.4039	19	25	-25.0
-3.94387	3.33988	21	27	-25.0
-3.83501	3.30398	23	27	-25.0
-3.715	3.31666	25	27	-25.0
-3.59482	3.32109	28	27	-25.0
-3.47682	3.32057	30	27	-25.0
-3.35855	3.30859	32	27	-25.0
-3.2382	3.30988	35	27	-25.0
-3.13003	3.32391	37	27	-36.0
-3.00934	3.34985	39	27	-36.0
-2.89594	3.3792	42	26	-36.0
-2.79466	3.40539	44	25	-36.0
-2.68837	3.42883	46	25	-36.0
-2.58507	3.44314	48	25	-34.0
-2.47468	3.44602	50	25	-34.0
-2.36203	3.43379	52	25	-34.0
-2.23328	3.42507	55	25	-34.0
-2.09167	3.4124	58	25	-34.0
-1.96	3.40116	60	25	-34.0
-1.85221	3.4137	62	25	-34.0
-1.73677	3.40562	65	25	-34.0
-1.6212	3.40073	67	25	-34.0
-1.50583	3.39338	69	26	-34.0
-1.39379	3.38669	72	26	-35.0
-1.27405	3.38808	74	26	-35.0
-1.1532	3.38235	76	26	-35.0
-1.04618	3.37696	79	26	-35.0
-0.900638	3.36899	81	26	-35.0
-0.782774	3.3642	84	26	-35.0
-0.78388	3.38959	84	26	-38.0
-0.712172	3.47916	85	24	-34.0
-0.677206	3.60119	86	21	-34.0
-0.68447	3.70812	86	19	-37.0
-0.734198	3.81477	85	17	-39.0
-0.814655	3.89042	83	16	-39.0
-0.92564	3.92708	81	15	-39.0
-1.04665	3.93142	79	15	-39.0
-1.16696	3.89907	76	16	-32.0
-1.2701	3.89438	74	16	-32.0
-1.37538	3.88823	72	16	-34.0
-1.49677	3.88361	70	16	-31.0
-1.61274	3.87872	67	16	-31.0
-1.71938	3.88601	65	16	-31.0
-1.82903	3.8816	63	16	-36.0
-1.95115	3.8761	60	16	-36.0
-2.08247	3.87672	58	16	-36.0
-2.20609	3.87138	55	16	-36.0
-2.32069	3.86891	53	16	-36.0
-2.43499	3.86696	51	16	-36.0
-2.57223	3.86118	48	16	-36.0
-2.67874	3.83907	46	17	-36.0
-2.78957	3.84265	44	17	-36.0
-2.90994	3.84611	41	17	-30.0
-3.07362	3.8496	38	17	-30.0
-3.1939	3.8525	36	16	-30.0
-3.32602	3.856	33	16	-31.0
-3.44597	3.86692	31	16	-31.0
-3.57915	3.88119	28	16	-31.0
-3.73106	3.89533	25	16	-31.0
-3.8488	3.90723	23	15	-31.0
-3.97213	3.91313	20	15	-31.0
-4.08992	3.92372	18	15	-31.0
-4.23994	3.93839	15	15	-31.0
-4.35952	3.95386	12	14	-31.0
-4.47594	3.96341	10	14	-31.0
-4.52303	4.04108	9	13	-27.0
-4.52023	4.15982	9	10	-27.0
-4.51817	4.29391	9	8	-27.0
-4.51654	4.42665	9	5	-27.0
-4.55352	4.32477	8	7	-29.0
-4.45009	4.269	10	8	-29.0
-4.33009	4.27691	13	8	-29.0
-4.22966	4.2851	15	8	-29.0
-4.1201	4.29281	17	8	-29.0
-3.99745	4.28919	20	8	-38.0
-3.88394	4.28697	22	8	-38.0
-3.75901	4.28408	24	8	-38.0
-3.63668	4.2817	27	8	-38.0
-3.51885	4.28042	29	8	-38.0
-3.39458	4.27854	32	8	-38.0
-3.25701	4.28248	34	8	-38.0
-3.12161	4.28223	37	8	-38.0
-3.01846	4.28249	39	8	-38.0
-2.91336	4.29047	41	8	-38.0
-2.79022	4.29236	44	8	-38.0
-2.68012	4.29448	46	8	-38.0
-2.55387	4.30027	48	7	-34.0
-2.44391	4.30374	51	7	-32.0
-2.33281	4.30679	53	7	-32.0
-2.22346	4.30924	55	7	-32.0
-2.10922	4.3103	57	7	-32.0
-1.9967	4.30899	60	7	-32.0
-1.87577	4.30787	62	7	-32.0
-1.74884	4.29996	65	8	-32.0
-1.63076	4.29748	67	8	-32.0
-1.51105	4.2911	69	8	-32.0
-1.35979	4.2879	72	8	-32.0
-1.22606	4.28223	75	8	-37.0
-1.09243	4.27758	78	8	-37.0
-0.958394	4.27959	80	8	-37.0
-0.85606	4.24353	82	9	-35.0
-0.959087	4.19342	80	10	-37.0
-1.05658	4.1455	78	11	-37.0
-1.15396	4.09706	76	12	-37.0
-1.23858	4.03224	75	13	-37.0
-1.35019	3.97472	72	14	-37.0
-1.45023	3.9194	70	15	-37.0
-1.55271	3.85777	68	16	-37.0
-1.66309	3.79794	66	18	-37.0
-1.7723	3.75196	64	18	-37.0
-1.86733	3.6998	62	20	-37.0
-1.97567	3.62494	60	21	-37.0
-2.06003	3.53556	58	23	-33.0
-2.12186	3.4263	57	25	-33.0
-2.17682	3.31499	56	27	-33.0
-2.26368	3.20376	54	29	-33.0
-2.3633	3.15206	52	30	-33.0
-2.47721	3.10143	50	31	-33.0
-2.60096	3.03464	47	33	-29.0
-2.69592	2.92964	46	35	-29.0
-2.75869	2.82119	44	37	-29.0
-2.79109	2.69364	44	40	-29.0
-2.79023	2.57753	44	42	-29.0
-2.75046	2.42253	44	45	-29.0
-2.6862	2.31261	46	47	-29.0
-2.62938	2.18455	47	50	-29.0
-2.60471	2.06258	47	52	-29.0
-2.6176	1.95732	47	54	-29.0
-2.65517	1.83619	46	57	-29.0
-2.7098	1.73885	45	59	-27.0
-2.79697	1.64293	44	61	-27.0
-2.90931	1.55844	41	62	-27.0
-3.03693	1.51375	39	63	-27.0
-3.15802	1.50165	36	63	-27.0
-3.28853	1.53084	34	63	-27.0
-3.39944	1.56557	32	62	-27.0
-3.55655	1.57269	28	62	-27.0
-3.67995	1.53831	26	63	-27.0
-3.7911	1.47202	24	64	-27.0
-3.87479	1.38178	22	66	-27.0
-3.93117	1.27037	21	68	-27.0
-3.92957	1.2577	21	68	-27.0
-3.89648	1.36777	22	66	-27.0
-3.86052	1.48607	22	64	-27.0
-3.82526	1.60884	23	61	-27.0
-3.7911	1.72045	24	59	-27.0
-3.75852	1.81718	24	57	-27.0
