-2.84152	0.113264	43	91	-30.0
-2.85298	-0.0100714	42	94	-30.0
-2.88267	-0.137662	42	96	-32.0
-2.91883	-0.251507	41	99	-29.0
-2.98344	-0.355133	40	101	-31.0
-3.06018	-0.440966	38	102	-33.0
-3.17098	-0.514044	36	104	-31.0
-3.27724	-0.553021	34	105	-30.0
-3.40337	-0.584819	31	105	-28.0
-3.51776	-0.598659	29	105	-25.0
-3.6241	-0.610127	27	106	-29.0
-3.75674	-0.629188	24	106	-32.0
-3.87798	-0.639459	22	106	-39.0
-3.99054	-0.645784	20	106	-44.0
-4.09932	-0.644321	18	106	-43.0
-4.21333	-0.640697	15	106	-42.0
-4.35378	-0.645149	12	106	-40.0
-4.48148	-0.646848	10	106	-45.0
-4.59243	-0.638879	8	106	-42.0
-4.69763	-0.654855	6	107	-42.0
-4.69854	-0.65494	6	107	-39.0
-4.58943	-0.659997	8	107	-45.0
-4.48057	-0.665214	10	107	-41.0
-4.35628	-0.671348	12	107	-40.0
-4.24728	-0.676799	15	107	-45.0
-4.14432	-0.705511	17	108	-42.0
-4.0197	-0.711061	19	108	-42.0
-3.904	-0.707815	21	108	-42.0
-3.79517	-0.701462	24	108	-41.0
-3.66897	-0.685048	26	107	-36.0
-3.55489	-0.673861	28	107	-29.0
-3.43624	-0.678533	31	107	-26.0
-3.32886	-0.687638	33	107	-31.0
-3.21932	-0.692341	35	107	-32.0
-3.0984	-0.678982	38	107	-32.0
-2.9892	-0.683002	40	107	-35.0
-2.88226	-0.712512	42	108	-33.0
-2.76952	-0.729472	44	108	-28.0
-2.64647	-0.76257	47	109	-31.0
-2.53983	-0.776486	49	109	-29.0
-2.42624	-0.789098	51	109	-29.0
-2.31294	-0.752913	53	109	-28.0
-2.18761	-0.759382	56	109	-29.0
-2.07755	-0.735603	58	108	-29.0
-1.95652	-0.736699	60	108	-30.0
-1.84465	-0.73735	63	108	-29.0
-1.72364	-0.735494	65	108	-29.0
-1.60824	-0.739925	67	108	-31.0
-1.49888	-0.739276	70	108	-31.0
-1.36841	-0.763859	72	109	-31.0
-1.24433	-0.784759	75	109	-33.0
-1.1347	-0.791498	77	109	-35.0
-1.00624	-0.794793	79	109	-36.0
-0.898466	-0.795583	82	109	-32.0
-0.935813	-0.676689	81	107	-35.0
-0.918025	-0.574166	81	105	-32.0
-0.893667	-0.45081	82	103	-31.0
-0.870019	-0.328518	82	100	-31.0
-0.925325	-0.274731	81	99	-34.0
-1.03095	-0.278444	79	99	-34.0
-1.14789	-0.282112	77	99	-33.0
-1.27125	-0.269276	74	99	-33.0
-1.39346	-0.274316	72	99	-33.0
-1.50025	-0.302339	69	100	-32.0
-1.61744	-0.309367	67	100	-31.0
-1.72177	-0.321735	65	100	-29.0
-1.80513	-0.258455	63	99	-27.0
-1.93791	-0.26561	61	99	-27.0
-2.03098	-0.312729	59	100	-27.0
-2.16224	-0.318025	56	100	-25.0
-2.27516	-0.298076	54	99	-26.0
-2.39363	-0.276067	52	99	-27.0
-2.51278	-0.269005	49	99	-25.0
-2.628	-0.28762	47	99	-28.0
-2.76241	-0.281995	44	99	-26.0
-2.89192	-0.25607	42	99	-27.0
-2.99836	-0.240387	40	98	-28.0
-3.12136	-0.200092	37	98	-27.0
-3.20569	-0.133845	35	96	-30.0
-3.26729	-0.0388628	34	94	-32.0
-3.30994	0.0597331	33	92	-32.0
-3.33294	0.176007	33	90	-34.0
-3.319	0.27661	33	88	-31.0
-3.4378	0.272742	31	88	-27.0
-3.53813	0.312609	29	87	-26.0
-3.64725	0.271113	27	88	-29.0
-3.74899	0.234408	25	89	-30.0
-3.85649	0.22408	22	89	-30.0
-3.96842	0.218324	20	89	-27.0
-4.07923	0.216867	18	89	-29.0
-4.19802	0.226307	16	89	-30.0
-4.30415	0.22993	13	89	-28.0
-4.40071	0.276045	11	88	-29.0
-4.51744	0.281521	9	88	-30.0
-4.63356	0.293378	7	88	-31.0
-4.61898	0.314792	7	87	-33.0
-4.50963	0.308812	9	87	-26.0
-4.37425	0.300992	12	87	-28.0
-4.24923	0.296541	15	88	-30.0
-4.12071	0.285881	17	88	-29.0
-4.00649	0.302046	19	87	-26.0
-3.89657	0.299353	22	88	-27.0
-3.7827	0.291881	24	88	-26.0
-3.66722	0.279256	26	88	-27.0
-3.55968	0.269925	28	88	-27.0
-3.41781	0.237423	31	89	-29.0
-3.29737	0.229956	34	89	-27.0
-3.20887	0.274265	35	88	-28.0
-3.08847	0.268692	38	88	-27.0
-2.96347	0.249634	40	89	-26.0
-2.83932	0.240343	43	89	-26.0
-2.71686	0.211562	45	89	-28.0
-2.61256	0.19054	47	90	-26.0
-2.49244	0.180115	50	90	-26.0
-2.3874	0.197279	52	90	-26.0
-2.2801	0.188867	54	90	-26.0
-2.15928	0.190037	56	90	-26.0
-2.05202	0.182539	58	90	-27.0
-1.93793	0.157312	61	90	-28.0
-1.82925	0.146229	63	91	-28.0
-1.70647	0.13904	65	91	-28.0
-1.59277	0.159819	68	90	-28.0
-1.45972	0.149661	70	91	-28.0
-1.34079	0.125018	73	91	-28.0
-1.22667	0.11481	75	91	-30.0
-1.11352	0.157943	77	90	-32.0
-1.00673	0.150859	79	90	-31.0
-0.884616	0.196358	82	90	-27.0
-0.869106	0.320627	82	87	-27.0
-0.841066	0.450916	83	84	-27.0
-0.807117	0.570541	83	82	-27.0
-0.809456	0.691482	83	80	-29.0
-0.913085	0.698096	81	80	-29.0
-1.0414	0.706115	79	79	-28.0
-1.16886	0.706544	76	79	-29.0
-1.2817	0.723142	74	79	-29.0
-1.40377	0.727928	71	79	-30.0
-1.51332	0.73981	69	79	-28.0
-1.62111	0.7437	67	79	-29.0
-1.7397	0.748223	65	79	-26.0
-1.85902	0.747676	62	79	-27.0
-1.96527	0.751956	60	78	-27.0
-2.08261	0.752121	58	78	-25.0
-2.21448	0.761149	55	78	-23.0
-2.33204	0.772145	53	78	-21.0
-2.43742	0.772271	51	78	-22.0
-2.54117	0.784	49	78	-19.0
-2.66781	0.804976	46	77	-21.0
-2.78976	0.802458	44	77	-22.0
-2.89358	0.808089	42	77	-23.0
-2.9924	0.772105	40	78	-24.0
-3.11021	0.769057	37	78	-24.0
-3.24345	0.758599	35	78	-27.0
-3.35183	0.756836	32	78	-27.0
-3.47194	0.756557	30	78	-28.0
-3.57958	0.763408	28	78	-28.0
-3.69813	0.772899	26	78	-28.0
-3.80328	0.813231	23	77	-29.0
-3.9145	0.82279	21	77	-28.0
-4.04587	0.823543	19	77	-30.0
-4.17661	0.82491	16	77	-30.0
-4.27704	0.810748	14	77	-32.0
-4.40228	0.814867	11	77	-30.0
-4.49809	0.848167	10	77	-28.0
-4.59007	0.905673	8	75	-29.0
-4.65183	0.991176	6	74	-31.0
-4.67979	1.10199	6	71	-26.0
-4.69539	1.21648	6	69	-28.0
-4.64986	1.31117	7	67	-27.0
-4.55553	1.39369	8	66	-26.0
-4.44848	1.42382	11	65	-28.0
-4.31935	1.40589	13	65	-30.0
-4.19245	1.37769	16	66	-28.0
-4.07868	1.35814	18	66	-30.0
-3.94823	1.32283	21	67	-30.0
-3.83669	1.27913	23	68	-30.0
-3.70923	1.23641	25	69	-30.0
-3.57952	1.20588	28	69	-27.0
-3.45949	1.19991	30	70	-26.0
-3.33305	1.18387	33	70	-24.0
-3.20133	1.15786	35	70	-22.0
-3.0925	1.10911	38	71	-17.0
-2.98559	1.05829	40	72	-16.0
-2.86859	1.00625	42	73	-19.0
-2.75522	0.956692	44	74	-18.0
-2.63933	0.936212	47	75	-19.0
-2.52658	0.93585	49	75	-18.0
-2.41811	0.952646	51	74	-19.0
-2.32391	1.00473	53	73	-21.0
-2.22656	1.06065	55	72	-27.0
-2.12212	1.09357	57	72	-31.0
-2.01542	1.1137	59	71	-28.0
-1.88864	1.13154	62	71	-29.0
-1.76899	1.15834	64	70	-31.0
-1.65519	1.16995	66	70	-31.0
-1.54248	1.1785	69	70	-31.0
-1.43383	1.18948	71	70	-29.0
-1.29895	1.17698	74	70	-31.0
-1.18687	1.15987	76	70	-30.0
-1.0737	1.1396	78	71	-31.0
-0.951467	1.13915	80	71	-30.0
-0.837804	1.15178	83	70	-31.0
-0.715331	1.16066	85	70	-32.0
-0.656299	1.24606	86	69	-29.0
-0.645378	1.37063	87	66	-28.0
-0.633882	1.48416	87	64	-29.0
-0.639703	1.61564	87	61	-31.0
-0.627319	1.73217	87	59	-30.0
-0.740382	1.76875	85	58	-32.0
-0.843024	1.80134	83	57	-31.0
-0.950502	1.82183	80	57	-31.0
-1.06405	1.8235	78	57	-31.0
-1.18494	1.82261	76	57	-31.0
-1.30177	1.82366	73	57	-31.0
-1.41043	1.82462	71	57	-30.0
-1.5457	1.81638	69	57	-31.0
-1.66785	1.81632	66	57	-30.0
-1.80208	1.80381	63	57	-28.0
-1.92288	1.80285	61	57	-24.0
-2.03731	1.8112	59	57	-21.0
-2.14621	1.81572	57	57	-18.0
-2.26461	1.82325	54	57	-17.0
-2.38506	1.83486	52	57	-17.0
-2.50124	1.85726	49	56	-18.0
-2.61736	1.87836	47	56	-18.0
-2.73196	1.87889	45	56	-22.0
-2.84252	1.85021	43	56	-24.0
-2.95053	1.85416	40	56	-30.0
-3.05259	1.82079	38	57	-31.0
-3.18904	1.80612	36	57	-30.0
-3.40468	1.8457	31	57	-27.0
-3.53862	1.8678	29	56	-30.0
-3.6457	1.87722	27	56	-30.0
-3.77346	1.88618	24	56	-32.0
-3.88121	1.89571	22	56	-33.0
-4.01377	1.91129	19	55	-38.0
-4.14005	1.9239	17	55	-38.0
-4.24828	1.93563	15	55	-34.0
-4.35512	1.94754	12	55	-38.0
-4.46299	1.96449	10	54	-34.0
-4.58338	1.98155	8	54	-32.0
-4.65266	2.05462	6	52	-28.0
-4.66688	2.17451	6	50	-30.0
-4.66964	2.28873	6	48	-29.0
-4.6766	2.41149	6	45	-30.0
-4.6581	2.51647	6	43	-31.0
-4.55291	2.5377	8	43	-27.0
-4.42979	2.53135	11	43	-29.0
-4.31626	2.50916	13	43	-27.0
-4.21093	2.49248	15	44	-28.0
-4.07184	2.47376	18	44	-27.0
-3.95011	2.44846	20	45	-27.0
-3.83388	2.42701	23	45	-25.0
-3.70094	2.38592	25	46	-24.0
-3.5915	2.36517	28	46	-26.0
-3.48213	2.34646	30	47	-25.0
-3.34888	2.32866	33	47	-25.0
-3.23085	2.33078	35	47	-23.0
-3.10382	2.32043	37	47	-23.0
-2.97207	2.3104	40	47	-22.0
-2.84639	2.29016	43	48	-22.0
-2.72498	2.27772	45	48	-22.0
-2.59719	2.25895	48	48	-22.0
-2.48475	2.25195	50	48	-22.0
-2.36409	2.23177	52	49	-23.0
-2.2325	2.21527	55	49	-26.0
-2.12491	2.20747	57	49	-24.0
-1.98394	2.20153	60	49	-24.0
-1.86079	2.21321	62	49	-27.0
-1.7445	2.21384	65	49	-33.0
-1.61696	2.22326	67	49	-26.0
-1.50033	2.2243	69	49	-28.0
-1.36859	2.22705	72	49	-34.0
-1.24455	2.22221	75	49	-33.0
-1.1112	2.22106	77	49	-31.0
-0.987887	2.21632	80	49	-36.0
-0.858508	2.19896	82	50	-31.0
-0.863387	2.20619	82	49	-31.0
-0.97123	2.22994	80	49	-29.0
-1.07088	2.25606	78	48	-27.0
-1.18505	2.28961	76	48	-27.0
-1.2926	2.29665	74	48	-30.0
-1.4002	2.28912	71	48	-29.0
-1.51527	2.28815	69	48	-26.0
-1.6267	2.30549	67	47	-26.0
-1.73261	2.35061	65	46	-26.0
-1.83221	2.44048	63	45	-23.0
-1.89568	2.52804	62	43	-23.0
-1.96322	2.64021	60	41	-24.0
-2.02357	2.72777	59	39	-23.0
-2.11109	2.80606	57	37	-24.0
-2.20986	2.85972	55	36	-24.0
-2.30604	2.89993	53	36	-24.0
-2.43383	2.90416	51	35	-25.0
-2.55193	2.90678	48	35	-22.0
-2.67341	2.9163	46	35	-28.0
-2.79702	2.94023	44	35	-25.0
-2.90552	2.94387	41	35	-25.0
-3.02414	2.94506	39	35	-31.0
-3.13492	2.91374	37	35	-34.0
-3.23702	2.9082	35	35	-24.0
-3.36497	2.9046	32	35	-24.0
-3.47378	2.88399	30	36	-26.0
-3.58906	2.94111	28	35	-30.0
-3.70159	2.94579	25	35	-27.0
-3.80068	2.90974	23	35	-30.0
-3.88006	2.85393	22	36	-31.0
-3.99586	2.87205	20	36	-27.0
-4.11891	2.89777	17	36	-29.0
-4.23608	2.86498	15	36	-25.0
-4.36791	2.8849	12	36	-31.0
-4.47275	2.88673	10	36	-34.0
-4.58301	2.90851	8	35	-36.0
-4.65286	2.99203	6	34	-31.0
-4.68326	3.11689	6	31	-32.0
-4.67493	3.24216	6	29	-30.0
-4.63357	3.3733	7	26	-31.0
-4.60803	3.4912	7	24	-38.0
-4.47799	3.51396	10	23	-36.0
-4.37001	3.52623	12	23	-33.0
-4.24646	3.53049	15	23	-32.0
-4.11558	3.53685	17	23	-32.0
-4.00524	3.54032	19	23	-32.0
-3.88469	3.53842	22	23	-31.0
-3.78465	3.503	24	23	-31.0
-3.6742	3.48197	26	24	-32.0
-3.53114	3.45325	29	24	-31.0
-3.404	3.42587	31	25	-30.0
-3.28441	3.41013	34	25	-27.0
-3.16421	3.40828	36	25	-27.0
-3.04385	3.40987	39	25	-27.0
-2.91455	3.40776	41	25	-26.0
-2.79992	3.40196	44	25	-26.0
-2.69272	3.39158	46	26	-27.0
-2.57755	3.38529	48	26	-25.0
-2.47226	3.38043	50	26	-25.0
-2.36388	3.35572	52	26	-26.0
-2.24816	3.34625	55	27	-26.0
-2.14172	3.32528	57	27	-26.0
-2.02022	3.31046	59	27	-27.0
-1.91465	3.30226	61	27	-28.0
-1.80451	3.32522	63	27	-28.0
-1.69257	3.33688	66	27	-29.0
-1.58701	3.32741	68	27	-28.0
-1.4636	3.31901	70	27	-30.0
-1.35345	3.31089	72	27	-31.0
-1.22622	3.30063	75	27	-31.0
-1.11926	3.29798	77	28	-31.0
-1.00964	3.32207	79	27	-31.0
-0.886357	3.31599	82	27	-32.0
-0.783798	3.32009	84	27	-34.0
-0.671139	3.32117	86	27	-33.0
-0.606468	3.3969	87	26	-33.0
-0.63786	3.44183	87	25	-38.0
-0.572845	3.5281	88	23	-35.0
-0.525803	3.634	89	21	-34.0
-0.611434	3.72183	87	19	-30.0
-0.725873	3.75605	85	18	-32.0
-0.844397	3.77488	83	18	-30.0
-0.960068	3.77621	80	18	-32.0
-1.06906	3.78332	78	18	-30.0
-1.18798	3.78946	76	18	-29.0
-1.30334	3.79735	73	18	-30.0
-1.4224	3.80351	71	17	-32.0
-1.5555	3.8046	68	17	-34.0
-1.66958	3.8066	66	17	-35.0
-1.7847	3.79366	64	18	-34.0
-1.89827	3.79386	62	18	-31.0
-2.04381	3.81303	59	17	-28.0
-2.16754	3.81349	56	17	-28.0
-2.28503	3.83556	54	17	-28.0
-2.41232	3.83669	51	17	-28.0
-2.56772	3.83912	48	17	-28.0
-2.69004	3.83842	46	17	-27.0
-2.80231	3.8336	43	17	-29.0
-2.93461	3.82735	41	17	-31.0
-3.07109	3.83444	38	17	-29.0
-3.18631	3.85017	36	16	-30.0
-3.30204	3.86285	33	16	-35.0
-3.44156	3.86225	31	16	-33.0
-3.55144	3.86762	28	16	-29.0
-3.66873	3.86913	26	16	-29.0
-3.80024	3.87508	23	16	-37.0
-3.9165	3.87915	21	16	-36.0
-4.02916	3.88644	19	16	-32.0
-4.162	3.89875	16	16	-35.0
-4.27056	3.91026	14	15	-34.0
-4.38717	3.93918	12	15	-33.0
-4.45016	4.01834	10	13	-32.0
-4.47066	4.13748	10	11	-34.0
-4.47008	4.2695	10	8	-34.0
-4.42888	4.37825	11	6	-33.0
-4.33012	4.399	13	6	-31.0
-4.19901	4.41313	16	5	-31.0
-4.07754	4.40358	18	5	-32.0
-3.97343	4.37649	20	6	-31.0
-3.85605	4.36551	22	6	-30.0
-3.74808	4.3611	25	6	-31.0
-3.62121	4.35299	27	6	-31.0
-3.50505	4.34625	29	7	-29.0
-3.39284	4.33811	32	7	-30.0
-3.278	4.33289	34	7	-31.0
-3.14948	4.33079	37	7	-30.0
-3.02765	4.32737	39	7	-31.0
-2.91425	4.32365	41	7	-29.0
-2.799	4.3119	44	7	-31.0
-2.68319	4.30469	46	7	-30.0
-2.54708	4.2812	49	8	-30.0
-2.43143	4.26076	51	8	-29.0
-2.31241	4.23765	53	9	-29.0
-2.19709	4.24441	56	9	-31.0
-2.0788	4.2443	58	9	-30.0
-1.9594	4.24614	60	9	-31.0
-1.84805	4.24597	63	9	-31.0
-1.7349	4.24627	65	9	-32.0
-1.63158	4.2519	67	8	-32.0
-1.50494	4.25556	69	8	-33.0
-1.39152	4.26002	72	8	-32.0
-1.27238	4.26335	74	8	-33.0
-1.16291	4.26514	76	8	-35.0
-1.04378	4.26052	79	8	-35.0
-0.922113	4.24971	81	9	-35.0
-0.798959	4.23232	84	9	-32.0
-0.689444	4.22675	86	9	-32.0
